Raw Data
Time Displacement Force
(s) (mm) (N)
0.0000 -0.0001 -0.6653
0.0200 -0.0001 -0.6678
0.0400 -0.0020 -0.6834
0.0600 -0.0095 -0.6814
0.0800 -0.0214 -0.6691
0.1000 -0.0341 -0.6676
0.1200 -0.0469 -0.6684
0.1400 -0.0602 -0.6677
0.1600 -0.0741 -0.6646
0.1800 -0.0881 -0.6661
0.2000 -0.1020 -0.6600
0.2200 -0.1155 -0.6637
0.2400 -0.1289 -0.6643
0.2600 -0.1422 -0.6638
0.2800 -0.1555 -0.6633
0.3000 -0.1688 -0.6610
0.3200 -0.1822 -0.6616
0.3400 -0.1956 -0.6581
0.3600 -0.2089 -0.6593
0.3800 -0.2222 -0.6564
0.4000 -0.2355 -0.6569
0.4200 -0.2489 -0.6550
0.4400 -0.2622 -0.6538
0.4600 -0.2756 -0.6518
0.4800 -0.2889 -0.6554
0.5000 -0.3022 -0.6515
0.5200 -0.3156 -0.6522
0.5400 -0.3290 -0.6512
0.5600 -0.3423 -0.6493
0.5800 -0.3556 -0.6471
0.6000 -0.3690 -0.6458
0.6200 -0.3823 -0.6461
0.6400 -0.3956 -0.6420
0.6600 -0.4089 -0.6440
0.6800 -0.4222 -0.6383
0.7000 -0.4356 -0.6392
0.7200 -0.4489 -0.6368
0.7400 -0.4622 -0.6346
0.7600 -0.4755 -0.6313
0.7800 -0.4889 -0.6320
0.8000 -0.5023 -0.6270
0.8200 -0.5156 -0.6268
0.8400 -0.5289 -0.6237
0.8600 -0.5423 -0.6232
0.8800 -0.5556 -0.6193
0.9000 -0.5690 -0.6194
0.9200 -0.5823 -0.6176
0.9400 -0.5956 -0.6157
0.9600 -0.6089 -0.6139
0.9800 -0.6223 -0.6100
1.0000 -0.6356 -0.6083
1.0200 -0.6489 -0.6085
1.0400 -0.6622 -0.6060
1.0600 -0.6756 -0.6039
1.0800 -0.6889 -0.6027
1.1000 -0.7021 -0.6028
1.1200 -0.7155 -0.6011
1.1400 -0.7288 -0.6005
1.1600 -0.7422 -0.5961
1.1800 -0.7556 -0.5950
1.2000 -0.7689 -0.5930
1.2200 -0.7823 -0.5924
1.2400 -0.7956 -0.5906
1.2600 -0.8090 -0.5896
1.2800 -0.8223 -0.5882
1.3000 -0.8356 -0.5859
1.3200 -0.8490 -0.5859
1.3400 -0.8623 -0.5848
1.3600 -0.8756 -0.5857
1.3800 -0.8889 -0.5828
1.4000 -0.9023 -0.5834
1.4200 -0.9156 -0.5804
1.4400 -0.9289 -0.5806
1.4600 -0.9422 -0.5778
1.4800 -0.9555 -0.5776
1.5000 -0.9688 -0.5749
1.5200 -0.9822 -0.5745
1.5400 -0.9955 -0.5719
1.5600 -1.0089 -0.5710
1.5800 -1.0222 -0.5690
1.6000 -1.0356 -0.5677
1.6200 -1.0490 -0.5683
1.6400 -1.0623 -0.5680
1.6600 -1.0756 -0.5660
1.6800 -1.0890 -0.5638
1.7000 -1.1023 -0.5619
1.7200 -1.1156 -0.5592
1.7400 -1.1289 -0.5596
1.7600 -1.1422 -0.5599
1.7800 -1.1556 -0.5577
1.8000 -1.1689 -0.5559
1.8200 -1.1822 -0.5532
1.8400 -1.1955 -0.5533
1.8600 -1.2089 -0.5520
1.8800 -1.2223 -0.5517
1.9000 -1.2356 -0.5499
1.9200 -1.2489 -0.5499
1.9400 -1.2623 -0.5479
1.9600 -1.2756 -0.5449
1.9800 -1.2890 -0.5436
2.0000 -1.3022 -0.5445
2.0200 -1.3156 -0.5426
2.0400 -1.3289 -0.5404
2.0600 -1.3423 -0.5390
2.0800 -1.3556 -0.5365
2.1000 -1.3689 -0.5365
2.1200 -1.3822 -0.5349
2.1400 -1.3956 -0.5335
2.1600 -1.4089 -0.5322
2.1800 -1.4222 -0.5314
2.2000 -1.4355 -0.5283
2.2200 -1.4489 -0.5284
2.2400 -1.4622 -0.5279
2.2600 -1.4755 -0.5236
2.2800 -1.4889 -0.5250
2.3000 -1.5023 -0.5229
2.3200 -1.5156 -0.5224
2.3400 -1.5290 -0.5216
2.3600 -1.5423 -0.5202
2.3800 -1.5556 -0.5182
2.4000 -1.5690 -0.5192
2.4200 -1.5824 -0.5175
2.4400 -1.5957 -0.5161
2.4600 -1.6089 -0.5151
2.4800 -1.6222 -0.5128
2.5000 -1.6356 -0.5094
2.5200 -1.6489 -0.5098
2.5400 -1.6622 -0.5102
2.5600 -1.6755 -0.5098
2.5800 -1.6889 -0.5096
2.6000 -1.7022 -0.5066
2.6200 -1.7156 -0.5031
2.6400 -1.7289 -0.5042
2.6600 -1.7422 -0.5040
2.6800 -1.7556 -0.5018
2.7000 -1.7690 -0.4990
2.7200 -1.7823 -0.4996
2.7400 -1.7956 -0.4976
2.7600 -1.8089 -0.4971
2.7800 -1.8223 -0.4954
2.8000 -1.8356 -0.4943
2.8200 -1.8489 -0.4921
2.8400 -1.8622 -0.4924
2.8600 -1.8756 -0.4902
2.8800 -1.8889 -0.4891
2.9000 -1.9022 -0.4875
2.9200 -1.9155 -0.4860
2.9400 -1.9289 -0.4860
2.9600 -1.9422 -0.4855
2.9800 -1.9556 -0.4842
3.0000 -1.9689 -0.4815
3.0200 -1.9822 -0.4827
3.0400 -1.9956 -0.4805
3.0600 -2.0090 -0.4818
3.0800 -2.0223 -0.4783
3.1000 -2.0356 -0.4759
3.1200 -2.0489 -0.4742
3.1400 -2.0623 -0.4744
3.1600 -2.0756 -0.4714
3.1800 -2.0889 -0.4721
3.2000 -2.1023 -0.4707
3.2200 -2.1156 -0.4679
3.2400 -2.1290 -0.4675
3.2600 -2.1422 -0.4674
3.2800 -2.1555 -0.4659
3.3000 -2.1689 -0.4654
3.3200 -2.1822 -0.4634
3.3400 -2.1956 -0.4627
3.3600 -2.2089 -0.4621
3.3800 -2.2222 -0.4612
3.4000 -2.2356 -0.4612
3.4200 -2.2490 -0.4623
3.4400 -2.2623 -0.4588
3.4600 -2.2756 -0.4586
3.4800 -2.2889 -0.4573
3.5000 -2.3023 -0.4578
3.5200 -2.3156 -0.4554
3.5400 -2.3289 -0.4554
3.5600 -2.3422 -0.4526
3.5800 -2.3556 -0.4527
3.6000 -2.3689 -0.4504
3.6200 -2.3822 -0.4523
3.6400 -2.3955 -0.4489
3.6600 -2.4089 -0.4504
3.6800 -2.4223 -0.4493
3.7000 -2.4356 -0.4486
3.7200 -2.4489 -0.4487
3.7400 -2.4623 -0.4463
3.7600 -2.4756 -0.4432
3.7800 -2.4890 -0.4424
3.8000 -2.5023 -0.4424
3.8200 -2.5156 -0.4411
3.8400 -2.5289 -0.4390
3.8600 -2.5423 -0.4375
3.8800 -2.5556 -0.4374
3.9000 -2.5689 -0.4362
3.9200 -2.5822 -0.4350
3.9400 -2.5956 -0.4318
3.9600 -2.6089 -0.4326
3.9800 -2.6222 -0.4329
4.0000 -2.6355 -0.4305
4.0200 -2.6489 -0.4290
4.0400 -2.6623 -0.4278
4.0600 -2.6756 -0.4261
4.0800 -2.6889 -0.4260
4.1000 -2.7023 -0.4232
4.1200 -2.7156 -0.4230
4.1400 -2.7290 -0.4211
4.1600 -2.7423 -0.4231
4.1800 -2.7556 -0.4206
4.2000 -2.7689 -0.4210
4.2200 -2.7823 -0.4196
4.2400 -2.7956 -0.4163
4.2600 -2.8089 -0.4141
4.2800 -2.8223 -0.4144
4.3000 -2.8356 -0.4108
4.3200 -2.8489 -0.4136
4.3400 -2.8623 -0.4119
4.3600 -2.8755 -0.4116
4.3800 -2.8889 -0.4085
4.4000 -2.9022 -0.4086
4.4200 -2.9155 -0.4067
4.4400 -2.9289 -0.4096
4.4600 -2.9422 -0.4063
4.4800 -2.9556 -0.4033
4.5000 -2.9690 -0.4026
4.5200 -2.9823 -0.4032
4.5400 -2.9956 -0.4035
4.5600 -3.0089 -0.4030
4.5800 -3.0223 -0.4011
4.6000 -3.0357 -0.3966
4.6200 -3.0489 -0.3973
4.6400 -3.0622 -0.3983
4.6600 -3.0756 -0.3973
4.6800 -3.0889 -0.3940
4.7000 -3.1022 -0.3957
4.7200 -3.1155 -0.3926
4.7400 -3.1289 -0.3925
4.7600 -3.1422 -0.3912
4.7800 -3.1556 -0.3898
4.8000 -3.1689 -0.3902
4.8200 -3.1823 -0.3891
4.8400 -3.1956 -0.3894
4.8600 -3.2090 -0.3859
4.8800 -3.2223 -0.3843
4.9000 -3.2356 -0.3834
4.9200 -3.2489 -0.3826
4.9400 -3.2623 -0.3831
4.9600 -3.2756 -0.3816
4.9800 -3.2890 -0.3826
5.0000 -3.3023 -0.3795
5.0200 -3.3156 -0.3801
5.0400 -3.3289 -0.3796
5.0600 -3.3422 -0.3794
5.0800 -3.3555 -0.3774
5.1000 -3.3689 -0.3758
5.1200 -3.3822 -0.3744
5.1400 -3.3956 -0.3726
5.1600 -3.4089 -0.3717
5.1800 -3.4222 -0.3726
5.2000 -3.4356 -0.3723
5.2200 -3.4490 -0.3723
5.2400 -3.4623 -0.3726
5.2600 -3.4756 -0.3716
5.2800 -3.4889 -0.3707
5.3000 -3.5023 -0.3698
5.3200 -3.5156 -0.3675
5.3400 -3.5289 -0.3664
5.3600 -3.5422 -0.3634
5.3800 -3.5556 -0.3642
5.4000 -3.5689 -0.3631
5.4200 -3.5822 -0.3651
5.4400 -3.5955 -0.3633
5.4600 -3.6088 -0.3609
5.4800 -3.6222 -0.3592
5.5000 -3.6356 -0.3606
5.5200 -3.6489 -0.3603
5.5400 -3.6622 -0.3590
5.5600 -3.6756 -0.3572
5.5800 -3.6890 -0.3539
5.6000 -3.7023 -0.3544
5.6200 -3.7156 -0.3536
5.6400 -3.7290 -0.3527
5.6600 -3.7423 -0.3516
5.6800 -3.7557 -0.3511
5.7000 -3.7690 -0.3480
5.7200 -3.7823 -0.3485
5.7400 -3.7956 -0.3462
5.7600 -3.8089 -0.3437
5.7800 -3.8222 -0.3461
5.8000 -3.8355 -0.3446
5.8200 -3.8489 -0.3444
5.8400 -3.8622 -0.3401
5.8600 -3.8756 -0.3403
5.8800 -3.8889 -0.3384
5.9000 -3.9022 -0.3399
5.9200 -3.9156 -0.3378
5.9400 -3.9289 -0.3384
5.9600 -3.9423 -0.3362
5.9800 -3.9556 -0.3363
6.0000 -3.9689 -0.3335
6.0200 -3.9823 -0.3334
6.0400 -3.9957 -0.3321
6.0600 -4.0090 -0.3319
6.0800 -4.0223 -0.3294
6.1000 -4.0356 -0.3292
6.1200 -4.0490 -0.3261
6.1400 -4.0623 -0.3266
6.1600 -4.0755 -0.3248
6.1800 -4.0889 -0.3260
6.2000 -4.1022 -0.3246
6.2200 -4.1156 -0.3231
6.2400 -4.1289 -0.3222
6.2600 -4.1422 -0.3221
6.2800 -4.1556 -0.3217
6.3000 -4.1689 -0.3198
6.3200 -4.1823 -0.3198
6.3400 -4.1956 -0.3199
6.3600 -4.2089 -0.3176
6.3800 -4.2223 -0.3170
6.4000 -4.2356 -0.3161
6.4200 -4.2490 -0.3169
6.4400 -4.2623 -0.3138
6.4600 -4.2756 -0.3150
6.4800 -4.2890 -0.3132
6.5000 -4.3023 -0.3116
6.5200 -4.3156 -0.3141
6.5400 -4.3289 -0.3094
6.5600 -4.3422 -0.3108
6.5800 -4.3556 -0.3093
6.6000 -4.3689 -0.3083
6.6200 -4.3822 -0.3044
6.6400 -4.3956 -0.3077
6.6600 -4.4089 -0.3062
6.6800 -4.4223 -0.3066
6.7000 -4.4356 -0.3040
6.7200 -4.4489 -0.3059
6.7400 -4.4623 -0.3019
6.7600 -4.4756 -0.3037
6.7800 -4.4890 -0.2997
6.8000 -4.5023 -0.3006
6.8200 -4.5156 -0.2999
6.8400 -4.5289 -0.2977
6.8600 -4.5422 -0.2977
6.8800 -4.5555 -0.2991
6.9000 -4.5688 -0.2965
6.9200 -4.5822 -0.2963
6.9400 -4.5956 -0.2963
6.9600 -4.6089 -0.2950
6.9800 -4.6222 -0.2935
7.0000 -4.6356 -0.2939
7.0200 -4.6490 -0.2904
7.0400 -4.6623 -0.2894
7.0600 -4.6756 -0.2886
7.0800 -4.6889 -0.2878
7.1000 -4.7023 -0.2871
7.1200 -4.7156 -0.2915
7.1400 -4.7290 -0.2869
7.1600 -4.7423 -0.2877
7.1800 -4.7556 -0.2854
7.2000 -4.7689 -0.2856
7.2200 -4.7823 -0.2832
7.2400 -4.7956 -0.2834
7.2600 -4.8089 -0.2794
7.2800 -4.8222 -0.2805
7.3000 -4.8356 -0.2795
7.3200 -4.8489 -0.2765
7.3400 -4.8622 -0.2765
7.3600 -4.8756 -0.2767
7.3800 -4.8890 -0.2762
7.4000 -4.9023 -0.2726
7.4200 -4.9156 -0.2739
7.4400 -4.9289 -0.2700
7.4600 -4.9423 -0.2721
7.4800 -4.9556 -0.2686
7.5000 -4.9690 -0.2678
7.5200 -4.9823 -0.2661
7.5400 -4.9956 -0.2669
7.5600 -5.0089 -0.2659
7.5800 -5.0223 -0.2644
7.6000 -5.0356 -0.2660
7.6200 -5.0489 -0.2647
7.6400 -5.0622 -0.2628
7.6600 -5.0756 -0.2616
7.6800 -5.0889 -0.2619
7.7000 -5.1023 -0.2603
7.7200 -5.1156 -0.2609
7.7400 -5.1290 -0.2592
7.7600 -5.1423 -0.2594
7.7800 -5.1556 -0.2579
7.8000 -5.1689 -0.2570
7.8200 -5.1823 -0.2564
7.8400 -5.1956 -0.2572
7.8600 -5.2089 -0.2558
7.8800 -5.2222 -0.2535
7.9000 -5.2355 -0.2517
7.9200 -5.2489 -0.2519
7.9400 -5.2622 -0.2527
7.9600 -5.2755 -0.2527
7.9800 -5.2889 -0.2506
8.0000 -5.3022 -0.2484
8.0200 -5.3156 -0.2484
8.0400 -5.3289 -0.2476
8.0600 -5.3423 -0.2482
8.0800 -5.3556 -0.2452
8.1000 -5.3690 -0.2451
8.1200 -5.3823 -0.2448
8.1400 -5.3956 -0.2456
8.1600 -5.4089 -0.2439
8.1800 -5.4223 -0.2408
8.2000 -5.4356 -0.2410
8.2200 -5.4490 -0.2401
8.2400 -5.4623 -0.2384
8.2600 -5.4756 -0.2375
8.2800 -5.4889 -0.2366
8.3000 -5.5022 -0.2365
8.3200 -5.5155 -0.2356
8.3400 -5.5288 -0.2352
8.3600 -5.5422 -0.2340
8.3800 -5.5556 -0.2324
8.4000 -5.5689 -0.2311
8.4200 -5.5822 -0.2308
8.4400 -5.5956 -0.2303
8.4600 -5.6089 -0.2290
8.4800 -5.6223 -0.2252
8.5000 -5.6356 -0.2277
8.5200 -5.6490 -0.2266
8.5400 -5.6623 -0.2255
8.5600 -5.6756 -0.2235
8.5800 -5.6890 -0.2248
8.6000 -5.7023 -0.2205
8.6200 -5.7156 -0.2239
8.6400 -5.7289 -0.2217
8.6600 -5.7422 -0.2200
8.6800 -5.7555 -0.2208
8.7000 -5.7688 -0.2204
8.7200 -5.7822 -0.2174
8.7400 -5.7956 -0.2188
8.7600 -5.8089 -0.2167
8.7800 -5.8222 -0.2160
8.8000 -5.8355 -0.2154
8.8200 -5.8489 -0.2132
8.8400 -5.8623 -0.2133
8.8600 -5.8757 -0.2139
8.8800 -5.8890 -0.2129
8.9000 -5.9023 -0.2120
8.9200 -5.9157 -0.2117
8.9400 -5.9290 -0.2109
8.9600 -5.9423 -0.2086
8.9800 -5.9556 -0.2088
9.0000 -5.9689 -0.2061
9.0200 -5.9823 -0.2064
9.0400 -5.9956 -0.2055
9.0600 -6.0088 -0.2052
9.0800 -6.0222 -0.2058
9.1000 -6.0356 -0.2065
9.1200 -6.0489 -0.2039
9.1400 -6.0623 -0.2016
9.1600 -6.0756 -0.2023
9.1800 -6.0890 -0.2015
9.2000 -6.1023 -0.1999
9.2200 -6.1156 -0.1986
9.2400 -6.1289 -0.1998
9.2600 -6.1422 -0.1959
9.2800 -6.1556 -0.1974
9.3000 -6.1690 -0.1945
9.3200 -6.1823 -0.1953
9.3400 -6.1956 -0.1923
9.3600 -6.2089 -0.1939
9.3800 -6.2223 -0.1904
9.4000 -6.2356 -0.1912
9.4200 -6.2489 -0.1911
9.4400 -6.2622 -0.1908
9.4600 -6.2756 -0.1896
9.4800 -6.2889 -0.1905
9.5000 -6.3022 -0.1877
9.5200 -6.3156 -0.1878
9.5400 -6.3289 -0.1853
9.5600 -6.3423 -0.1838
9.5800 -6.3557 -0.1831
9.6000 -6.3690 -0.1844
9.6200 -6.3823 -0.1833
9.6400 -6.3957 -0.1821
9.6600 -6.4090 -0.1817
9.6800 -6.4223 -0.1818
9.7000 -6.4356 -0.1812
9.7200 -6.4489 -0.1831
9.7400 -6.4623 -0.1796
9.7600 -6.4756 -0.1801
9.7800 -6.4889 -0.1770
9.8000 -6.5022 -0.1772
9.8200 -6.5156 -0.1773
9.8400 -6.5289 -0.1780
9.8600 -6.5423 -0.1751
9.8800 -6.5556 -0.1747
9.9000 -6.5689 -0.1756
9.9200 -6.5823 -0.1743
9.9400 -6.5956 -0.1745
9.9600 -6.6089 -0.1729
9.9800 -6.6223 -0.1709
10.0000 -6.6356 -0.1678
10.0200 -6.6490 -0.1708
10.0400 -6.6623 -0.1674
10.0600 -6.6756 -0.1675
10.0800 -6.6889 -0.1646
10.1000 -6.7023 -0.1632
10.1200 -6.7156 -0.1642
10.1400 -6.7289 -0.1653
10.1600 -6.7422 -0.1620
10.1800 -6.7556 -0.1590
10.2000 -6.7689 -0.1617
10.2200 -6.7822 -0.1594
10.2400 -6.7955 -0.1599
10.2600 -6.8089 -0.1599
10.2800 -6.8222 -0.1591
10.3000 -6.8356 -0.1567
10.3200 -6.8489 -0.1562
10.3400 -6.8623 -0.1552
10.3600 -6.8756 -0.1537
10.3800 -6.8890 -0.1519
10.4000 -6.9023 -0.1507
10.4200 -6.9156 -0.1503
10.4400 -6.9290 -0.1512
10.4600 -6.9423 -0.1493
10.4800 -6.9556 -0.1467
10.5000 -6.9689 -0.1484
10.5200 -6.9822 -0.1453
10.5400 -6.9955 -0.1450
10.5600 -7.0089 -0.1444
10.5800 -7.0222 -0.1435
10.6000 -7.0356 -0.1432
10.6200 -7.0489 -0.1418
10.6400 -7.0623 -0.1408
10.6600 -7.0757 -0.1382
10.6800 -7.0889 -0.1392
10.7000 -7.1022 -0.1366
10.7200 -7.1156 -0.1365
10.7400 -7.1289 -0.1375
10.7600 -7.1423 -0.1339
10.7800 -7.1556 -0.1355
10.8000 -7.1689 -0.1365
10.8200 -7.1822 -0.1330
10.8400 -7.1956 -0.1338
10.8600 -7.2089 -0.1339
10.8800 -7.2222 -0.1325
10.9000 -7.2356 -0.1322
10.9200 -7.2489 -0.1319
10.9400 -7.2623 -0.1310
10.9600 -7.2756 -0.1308
10.9800 -7.2889 -0.1317
11.0000 -7.3023 -0.1276
11.0200 -7.3156 -0.1266
11.0400 -7.3289 -0.1263
11.0600 -7.3423 -0.1266
11.0800 -7.3556 -0.1267
11.1000 -7.3690 -0.1269
11.1200 -7.3823 -0.1248
11.1400 -7.3956 -0.1240
11.1600 -7.4089 -0.1247
11.1800 -7.4222 -0.1232
11.2000 -7.4356 -0.1224
11.2200 -7.4489 -0.1233
11.2400 -7.4622 -0.1202
11.2600 -7.4756 -0.1212
11.2800 -7.4889 -0.1208
11.3000 -7.5023 -0.1186
11.3200 -7.5156 -0.1161
11.3400 -7.5289 -0.1193
11.3600 -7.5423 -0.1152
11.3800 -7.5557 -0.1158
11.4000 -7.5690 -0.1168
11.4200 -7.5823 -0.1144
11.4400 -7.5956 -0.1116
11.4600 -7.6090 -0.1125
11.4800 -7.6223 -0.1113
11.5000 -7.6356 -0.1114
11.5200 -7.6489 -0.1118
11.5400 -7.6623 -0.1099
11.5600 -7.6756 -0.1087
11.5800 -7.6889 -0.1110
11.6000 -7.7022 -0.1050
11.6200 -7.7155 -0.1056
11.6400 -7.7289 -0.1063
11.6600 -7.7422 -0.1048
11.6800 -7.7555 -0.1058
11.7000 -7.7689 -0.1065
11.7200 -7.7823 -0.1031
11.7400 -7.7957 -0.1012
11.7600 -7.8090 -0.1029
11.7800 -7.8223 -0.0995
11.8000 -7.8356 -0.0983
11.8200 -7.8490 -0.0993
11.8400 -7.8623 -0.0964
11.8600 -7.8756 -0.0947
11.8800 -7.8889 -0.0978
11.9000 -7.9022 -0.0972
11.9200 -7.9156 -0.0956
11.9400 -7.9289 -0.0954
11.9600 -7.9422 -0.0915
11.9800 -7.9555 -0.0915
12.0000 -7.9689 -0.0931
12.0200 -7.9823 -0.0913
12.0400 -7.9956 -0.0920
12.0600 -8.0089 -0.0935
12.0800 -8.0223 -0.0922
12.1000 -8.0357 -0.0897
12.1200 -8.0490 -0.0921
12.1400 -8.0623 -0.0866
12.1600 -8.0756 -0.0876
12.1800 -8.0890 -0.0859
12.2000 -8.1023 -0.0854
12.2200 -8.1156 -0.0848
12.2400 -8.1289 -0.0862
12.2600 -8.1423 -0.0836
12.2800 -8.1556 -0.0820
12.3000 -8.1689 -0.0840
12.3200 -8.1822 -0.0833
12.3400 -8.1955 -0.0795
12.3600 -8.2089 -0.0811
12.3800 -8.2222 -0.0793
12.4000 -8.2356 -0.0766
12.4200 -8.2489 -0.0781
12.4400 -8.2623 -0.0762
12.4600 -8.2756 -0.0759
12.4800 -8.2890 -0.0763
12.5000 -8.3023 -0.0739
12.5200 -8.3156 -0.0737
12.5400 -8.3290 -0.0744
12.5600 -8.3423 -0.0722
12.5800 -8.3556 -0.0720
12.6000 -8.3689 -0.0734
12.6200 -8.3823 -0.0727
12.6400 -8.3956 -0.0699
12.6600 -8.4089 -0.0713
12.6800 -8.4222 -0.0675
12.7000 -8.4355 -0.0665
12.7200 -8.4489 -0.0681
12.7400 -8.4622 -0.0669
12.7600 -8.4755 -0.0664
12.7800 -8.4889 -0.0672
12.8000 -8.5023 -0.0638
12.8200 -8.5156 -0.0630
12.8400 -8.5289 -0.0624
12.8600 -8.5423 -0.0608
12.8800 -8.5556 -0.0577
12.9000 -8.5690 -0.0613
12.9200 -8.5823 -0.0558
12.9400 -8.5956 -0.0550
12.9600 -8.6089 -0.0557
12.9800 -8.6223 -0.0542
13.0000 -8.6356 -0.0533
13.0200 -8.6489 -0.0543
13.0400 -8.6622 -0.0517
13.0600 -8.6756 -0.0483
13.0800 -8.6889 -0.0489
13.1000 -8.7022 -0.0473
13.1200 -8.7156 -0.0456
13.1400 -8.7289 -0.0467
13.1600 -8.7422 -0.0452
13.1800 -8.7556 -0.0409
13.2000 -8.7689 -0.0417
13.2200 -8.7823 -0.0411
13.2400 -8.7956 -0.0407
13.2600 -8.8090 -0.0434
13.2800 -8.8223 -0.0396
13.3000 -8.8356 -0.0375
13.3200 -8.8490 -0.0390
13.3400 -8.8623 -0.0381
13.3600 -8.8756 -0.0361
13.3800 -8.8889 -0.0370
13.4000 -8.9022 -0.0344
13.4200 -8.9155 -0.0331
13.4400 -8.9289 -0.0340
13.4600 -8.9422 -0.0331
13.4800 -8.9556 -0.0324
13.5000 -8.9689 -0.0328
13.5200 -8.9822 -0.0326
13.5400 -8.9956 -0.0304
13.5600 -9.0089 -0.0314
13.5800 -9.0222 -0.0301
13.6000 -9.0356 -0.0281
13.6200 -9.0490 -0.0315
13.6400 -9.0623 -0.0311
13.6600 -9.0756 -0.0297
13.6800 -9.0890 -0.0300
13.7000 -9.1023 -0.0273
13.7200 -9.1156 -0.0244
13.7400 -9.1289 -0.0266
13.7600 -9.1422 -0.0259
13.7800 -9.1555 -0.0237
13.8000 -9.1689 -0.0264
13.8200 -9.1822 -0.0235
13.8400 -9.1955 -0.0239
13.8600 -9.2089 -0.0240
13.8800 -9.2222 -0.0228
13.9000 -9.2356 -0.0205
13.9200 -9.2490 -0.0218
13.9400 -9.2623 -0.0208
13.9600 -9.2756 -0.0181
13.9800 -9.2890 -0.0202
14.0000 -9.3023 -0.0161
14.0200 -9.3156 -0.0160
14.0400 -9.3289 -0.0154
14.0600 -9.3422 -0.0158
14.0800 -9.3556 -0.0133
14.1000 -9.3689 -0.0154
14.1200 -9.3822 -0.0141
14.1400 -9.3955 -0.0126
14.1600 -9.4089 -0.0114
14.1800 -9.4222 -0.0114
14.2000 -9.4356 -0.0088
14.2200 -9.4489 -0.0101
14.2400 -9.4623 -0.0094
14.2600 -9.4757 -0.0084
14.2800 -9.4890 -0.0105
14.3000 -9.5023 -0.0086
14.3200 -9.5156 -0.0071
14.3400 -9.5289 -0.0065
14.3600 -9.5423 -0.0049
14.3800 -9.5556 -0.0043
14.4000 -9.5689 -0.0048
14.4200 -9.5823 -0.0046
14.4400 -9.5956 -0.0021
14.4600 -9.6089 -0.0007
14.4800 -9.6222 -0.0039
14.5000 -9.6355 0.0010
14.5200 -9.6489 -0.0011
14.5400 -9.6622 0.0018
14.5600 -9.6756 0.0022
14.5800 -9.6889 0.0033
14.6000 -9.7023 0.0032
14.6200 -9.7156 0.0079
14.6400 -9.7290 0.0046
14.6600 -9.7423 0.0080
14.6800 -9.7556 0.0095
14.7000 -9.7689 0.0093
14.7200 -9.7823 0.0078
14.7400 -9.7956 0.0123
14.7600 -9.8089 0.0115
14.7800 -9.8222 0.0124
14.8000 -9.8356 0.0152
14.8200 -9.8489 0.0164
14.8400 -9.8622 0.0142
14.8600 -9.8755 0.0176
14.8800 -9.8889 0.0147
14.9000 -9.9022 0.0162
14.9200 -9.9156 0.0176
14.9400 -9.9289 0.0169
14.9600 -9.9423 0.0175
14.9800 -9.9556 0.0221
15.0000 -9.9690 0.0229
15.0200 -9.9823 0.0219
15.0400 -9.9956 0.0241
15.0600 -10.0089 0.0230
15.0800 -10.0223 0.0234
15.1000 -10.0356 0.0258
15.1200 -10.0489 0.0252
15.1400 -10.0622 0.0256
15.1600 -10.0756 0.0276
15.1800 -10.0889 0.0268
15.2000 -10.1022 0.0301
15.2200 -10.1155 0.0301
15.2400 -10.1289 0.0307
15.2600 -10.1423 0.0279
15.2800 -10.1556 0.0326
15.3000 -10.1689 0.0310
15.3200 -10.1823 0.0332
15.3400 -10.1956 0.0356
15.3600 -10.2090 0.0349
15.3800 -10.2223 0.0323
15.4000 -10.2356 0.0375
15.4200 -10.2490 0.0355
15.4400 -10.2623 0.0375
15.4600 -10.2756 0.0376
15.4800 -10.2889 0.0384
15.5000 -10.3023 0.0367
15.5200 -10.3156 0.0398
15.5400 -10.3289 0.0382
15.5600 -10.3422 0.0382
15.5800 -10.3555 0.0405
15.6000 -10.3689 0.0411
15.6200 -10.3822 0.0416
15.6400 -10.3956 0.0432
15.6600 -10.4089 0.0436
15.6800 -10.4223 0.0435
15.7000 -10.4356 0.0461
15.7200 -10.4490 0.0463
15.7400 -10.4623 0.0435
15.7600 -10.4756 0.0469
15.7800 -10.4890 0.0475
15.8000 -10.5023 0.0481
15.8200 -10.5156 0.0507
15.8400 -10.5289 0.0525
15.8600 -10.5423 0.0498
15.8800 -10.5556 0.0537
15.9000 -10.5689 0.0513
15.9200 -10.5822 0.0535
15.9400 -10.5955 0.0551
15.9600 -10.6089 0.0551
15.9800 -10.6222 0.0557
16.0000 -10.6355 0.0567
16.0200 -10.6489 0.0562
16.0400 -10.6623 0.0561
16.0600 -10.6756 0.0599
16.0800 -10.6890 0.0615
16.1000 -10.7023 0.0611
16.1200 -10.7156 0.0619
16.1400 -10.7289 0.0647
16.1600 -10.7423 0.0617
16.1800 -10.7556 0.0660
16.2000 -10.7689 0.0648
16.2200 -10.7822 0.0655
16.2400 -10.7956 0.0669
16.2600 -10.8089 0.0682
16.2800 -10.8222 0.0657
16.3000 -10.8355 0.0691
16.3200 -10.8489 0.0682
16.3400 -10.8622 0.0686
16.3600 -10.8756 0.0712
16.3800 -10.8889 0.0713
16.4000 -10.9023 0.0700
16.4200 -10.9156 0.0739
16.4400 -10.9290 0.0730
16.4600 -10.9423 0.0720
16.4800 -10.9555 0.0741
16.5000 -10.9689 0.0731
16.5200 -10.9823 0.0759
16.5400 -10.9956 0.0767
16.5600 -11.0089 0.0771
16.5800 -11.0223 0.0765
16.6000 -11.0356 0.0813
16.6200 -11.0490 0.0815
16.6400 -11.0623 0.0803
16.6600 -11.0756 0.0832
16.6800 -11.0889 0.0823
16.7000 -11.1022 0.0797
16.7200 -11.1156 0.0822
16.7400 -11.1289 0.0824
16.7600 -11.1422 0.0824
16.7800 -11.1556 0.0875
16.8000 -11.1690 0.0868
16.8200 -11.1823 0.0861
16.8400 -11.1956 0.0873
16.8600 -11.2090 0.0885
16.8800 -11.2223 0.0878
16.9000 -11.2357 0.0910
16.9200 -11.2490 0.0922
16.9400 -11.2623 0.0923
16.9600 -11.2756 0.0931
16.9800 -11.2889 0.0951
17.0000 -11.3022 0.0951
17.0200 -11.3155 0.0970
17.0400 -11.3289 0.0966
17.0600 -11.3422 0.0961
17.0800 -11.3556 0.0986
17.1000 -11.3689 0.1000
17.1200 -11.3822 0.0989
17.1400 -11.3956 0.1010
17.1600 -11.4090 0.1025
17.1800 -11.4223 0.1005
17.2000 -11.4356 0.1025
17.2200 -11.4489 0.1037
17.2400 -11.4623 0.1028
17.2600 -11.4756 0.1065
17.2800 -11.4889 0.1056
17.3000 -11.5023 0.1059
17.3200 -11.5156 0.1073
17.3400 -11.5289 0.1094
17.3600 -11.5422 0.1069
17.3800 -11.5555 0.1081
17.4000 -11.5689 0.1096
17.4200 -11.5822 0.1088
17.4400 -11.5956 0.1128
17.4600 -11.6089 0.1130
17.4800 -11.6222 0.1122
17.5000 -11.6356 0.1147
17.5200 -11.6489 0.1147
17.5400 -11.6623 0.1133
17.5600 -11.6756 0.1153
17.5800 -11.6889 0.1149
17.6000 -11.7023 0.1155
17.6200 -11.7156 0.1158
17.6400 -11.7289 0.1180
17.6600 -11.7423 0.1171
17.6800 -11.7556 0.1194
17.7000 -11.7690 0.1191
17.7200 -11.7823 0.1166
17.7400 -11.7955 0.1193
17.7600 -11.8089 0.1196
17.7800 -11.8222 0.1215
17.8000 -11.8356 0.1246
17.8200 -11.8489 0.1244
17.8400 -11.8622 0.1238
17.8600 -11.8756 0.1233
17.8800 -11.8890 0.1267
17.9000 -11.9023 0.1258
17.9200 -11.9156 0.1289
17.9400 -11.9289 0.1277
17.9600 -11.9423 0.1284
17.9800 -11.9556 0.1283
18.0000 -11.9689 0.1307
18.0200 -11.9822 0.1280
18.0400 -11.9956 0.1327
18.0600 -12.0089 0.1311
18.0800 -12.0222 0.1311
18.1000 -12.0355 0.1326
18.1200 -12.0489 0.1344
18.1400 -12.0622 0.1356
18.1600 -12.0756 0.1378
18.1800 -12.0889 0.1397
18.2000 -12.1023 0.1362
18.2200 -12.1156 0.1373
18.2400 -12.1290 0.1416
18.2600 -12.1423 0.1381
18.2800 -12.1556 0.1409
18.3000 -12.1689 0.1429
18.3200 -12.1823 0.1431
18.3400 -12.1956 0.1463
18.3600 -12.2089 0.1485
18.3800 -12.2222 0.1461
18.4000 -12.2356 0.1474
18.4200 -12.2489 0.1473
18.4400 -12.2622 0.1484
18.4600 -12.2755 0.1496
18.4800 -12.2889 0.1498
18.5000 -12.3023 0.1476
18.5200 -12.3156 0.1513
18.5400 -12.3289 0.1527
18.5600 -12.3422 0.1513
18.5800 -12.3556 0.1540
18.6000 -12.3690 0.1541
18.6200 -12.3823 0.1536
18.6400 -12.3956 0.1520
18.6600 -12.4089 0.1578
18.6800 -12.4223 0.1555
18.7000 -12.4356 0.1577
18.7200 -12.4489 0.1597
18.7400 -12.4623 0.1600
18.7600 -12.4756 0.1612
18.7800 -12.4890 0.1635
18.8000 -12.5023 0.1624
18.8200 -12.5156 0.1644
18.8400 -12.5289 0.1654
18.8600 -12.5422 0.1647
18.8800 -12.5555 0.1658
18.9000 -12.5689 0.1671
18.9200 -12.5822 0.1656
18.9400 -12.5956 0.1660
18.9600 -12.6090 0.1679
18.9800 -12.6223 0.1697
19.0000 -12.6356 0.1697
19.0200 -12.6489 0.1743
19.0400 -12.6623 0.1711
19.0600 -12.6757 0.1733
19.0800 -12.6890 0.1725
19.1000 -12.7023 0.1734
19.1200 -12.7156 0.1723
19.1400 -12.7289 0.1755
19.1600 -12.7422 0.1730
19.1800 -12.7555 0.1764
19.2000 -12.7689 0.1765
19.2200 -12.7822 0.1778
19.2400 -12.7956 0.1781
19.2600 -12.8089 0.1797
19.2800 -12.8223 0.1788
19.3000 -12.8356 0.1791
19.3200 -12.8490 0.1829
19.3400 -12.8623 0.1811
19.3600 -12.8756 0.1823
19.3800 -12.8889 0.1825
19.4000 -12.9023 0.1821
19.4200 -12.9156 0.1817
19.4400 -12.9289 0.1848
19.4600 -12.9423 0.1821
19.4800 -12.9556 0.1861
19.5000 -12.9689 0.1869
19.5200 -12.9823 0.1874
19.5400 -12.9955 0.1881
19.5600 -13.0089 0.1905
19.5800 -13.0222 0.1893
19.6000 -13.0356 0.1911
19.6200 -13.0489 0.1913
19.6400 -13.0622 0.1919
19.6600 -13.0756 0.1927
19.6800 -13.0890 0.1948
19.7000 -13.1023 0.1953
19.7200 -13.1156 0.1941
19.7400 -13.1289 0.1966
19.7600 -13.1423 0.1977
19.7800 -13.1557 0.2005
19.8000 -13.1690 0.2010
19.8200 -13.1823 0.2004
19.8400 -13.1956 0.2005
19.8600 -13.2089 0.2031
19.8800 -13.2222 0.2028
19.9000 -13.2355 0.2050
19.9200 -13.2488 0.2058
19.9400 -13.2622 0.2054
19.9600 -13.2756 0.2066
19.9800 -13.2889 0.2065
20.0000 -13.3022 0.2073
20.0200 -13.3156 0.2056
20.0400 -13.3290 0.2094
20.0600 -13.3423 0.2092
20.0800 -13.3556 0.2108
20.1000 -13.3689 0.2127
20.1200 -13.3823 0.2121
20.1400 -13.3956 0.2116
20.1600 -13.4090 0.2163
20.1800 -13.4223 0.2153
20.2000 -13.4356 0.2153
20.2200 -13.4489 0.2175
20.2400 -13.4623 0.2172
20.2600 -13.4756 0.2181
20.2800 -13.4889 0.2203
20.3000 -13.5022 0.2216
20.3200 -13.5156 0.2214
20.3400 -13.5289 0.2241
20.3600 -13.5422 0.2240
20.3800 -13.5556 0.2243
20.4000 -13.5689 0.2274
20.4200 -13.5823 0.2285
20.4400 -13.5956 0.2275
20.4600 -13.6089 0.2297
20.4800 -13.6223 0.2311
20.5000 -13.6356 0.2305
20.5200 -13.6490 0.2303
20.5400 -13.6623 0.2305
20.5600 -13.6756 0.2346
20.5800 -13.6889 0.2354
20.6000 -13.7022 0.2368
20.6200 -13.7155 0.2348
20.6400 -13.7288 0.2395
20.6600 -13.7422 0.2381
20.6800 -13.7556 0.2392
20.7000 -13.7689 0.2407
20.7200 -13.7822 0.2408
20.7400 -13.7956 0.2411
20.7600 -13.8089 0.2432
20.7800 -13.8223 0.2439
20.8000 -13.8356 0.2439
20.8200 -13.8489 0.2448
20.8400 -13.8623 0.2459
20.8600 -13.8756 0.2450
20.8800 -13.8890 0.2467
20.9000 -13.9023 0.2479
20.9200 -13.9156 0.2493
20.9400 -13.9290 0.2502
20.9600 -13.9423 0.2514
20.9800 -13.9556 0.2501
21.0000 -13.9689 0.2530
21.0200 -13.9822 0.2509
21.0400 -13.9956 0.2518
21.0600 -14.0089 0.2553
21.0800 -14.0222 0.2547
21.1000 -14.0356 0.2544
21.1200 -14.0489 0.2534
21.1400 -14.0623 0.2558
21.1600 -14.0757 0.2559
21.1800 -14.0890 0.2584
21.2000 -14.1023 0.2580
21.2200 -14.1157 0.2584
21.2400 -14.1290 0.2620
21.2600 -14.1423 0.2618
21.2800 -14.1556 0.2630
21.3000 -14.1689 0.2649
21.3200 -14.1822 0.2657
21.3400 -14.1955 0.2675
21.3600 -14.2088 0.2705
21.3800 -14.2222 0.2714
21.4000 -14.2356 0.2711
21.4200 -14.2489 0.2739
21.4400 -14.2622 0.2742
21.4600 -14.2756 0.2752
21.4800 -14.2890 0.2774
21.5000 -14.3023 0.2791
21.5200 -14.3156 0.2764
21.5400 -14.3289 0.2806
21.5600 -14.3422 0.2791
21.5800 -14.3556 0.2807
21.6000 -14.3690 0.2810
21.6200 -14.3823 0.2847
21.6400 -14.3956 0.2817
21.6600 -14.4090 0.2828
21.6800 -14.4223 0.2813
21.7000 -14.4356 0.2812
21.7200 -14.4489 0.2843
21.7400 -14.4622 0.2840
21.7600 -14.4756 0.2835
21.7800 -14.4889 0.2847
21.8000 -14.5022 0.2824
21.8200 -14.5155 0.2843
21.8400 -14.5289 0.2880
21.8600 -14.5423 0.2895
21.8800 -14.5556 0.2899
21.9000 -14.5689 0.2877
21.9200 -14.5822 0.2894
21.9400 -14.5956 0.2898
21.9600 -14.6089 0.2921
21.9800 -14.6222 0.2939
22.0000 -14.6356 0.2939
22.0200 -14.6489 0.2949
22.0400 -14.6623 0.2960
22.0600 -14.6756 0.2949
22.0800 -14.6889 0.2974
22.1000 -14.7022 0.2966
22.1200 -14.7156 0.2960
22.1400 -14.7289 0.2975
22.1600 -14.7423 0.2997
22.1800 -14.7556 0.3003
22.2000 -14.7689 0.3014
22.2200 -14.7823 0.3010
22.2400 -14.7956 0.3018
22.2600 -14.8089 0.3045
22.2800 -14.8223 0.3063
22.3000 -14.8356 0.3043
22.3200 -14.8490 0.3081
22.3400 -14.8623 0.3070
22.3600 -14.8756 0.3096
22.3800 -14.8889 0.3113
22.4000 -14.9022 0.3113
22.4200 -14.9155 0.3114
22.4400 -14.9289 0.3121
22.4600 -14.9422 0.3152
22.4800 -14.9556 0.3129
22.5000 -14.9690 0.3171
22.5200 -14.9823 0.3162
22.5400 -14.9956 0.3171
22.5600 -15.0090 0.3177
22.5800 -15.0223 0.3188
22.6000 -15.0356 0.3191
22.6200 -15.0489 0.3207
22.6400 -15.0623 0.3229
22.6600 -15.0756 0.3211
22.6800 -15.0890 0.3243
22.7000 -15.1023 0.3233
22.7200 -15.1156 0.3228
22.7400 -15.1289 0.3241
22.7600 -15.1422 0.3242
22.7800 -15.1555 0.3252
22.8000 -15.1688 0.3258
22.8200 -15.1822 0.3262
22.8400 -15.1955 0.3273
22.8600 -15.2089 0.3292
22.8800 -15.2222 0.3291
22.9000 -15.2356 0.3283
22.9200 -15.2489 0.3307
22.9400 -15.2623 0.3331
22.9600 -15.2757 0.3330
22.9800 -15.2890 0.3323
23.0000 -15.3023 0.3320
23.0200 -15.3156 0.3322
23.0400 -15.3290 0.3347
23.0600 -15.3423 0.3366
23.0800 -15.3556 0.3358
23.1000 -15.3689 0.3374
23.1200 -15.3822 0.3387
23.1400 -15.3955 0.3374
23.1600 -15.4088 0.3415
23.1800 -15.4222 0.3400
23.2000 -15.4355 0.3418
23.2200 -15.4489 0.3410
23.2400 -15.4622 0.3433
23.2600 -15.4756 0.3426
23.2800 -15.4889 0.3424
23.3000 -15.5023 0.3433
23.3200 -15.5157 0.3458
23.3400 -15.5290 0.3468
23.3600 -15.5423 0.3495
23.3800 -15.5556 0.3498
23.4000 -15.5690 0.3502
23.4200 -15.5823 0.3514
23.4400 -15.5956 0.3522
23.4600 -15.6089 0.3558
23.4800 -15.6222 0.3578
23.5000 -15.6356 0.3579
23.5200 -15.6489 0.3565
23.5400 -15.6622 0.3569
23.5600 -15.6755 0.3584
23.5800 -15.6889 0.3601
23.6000 -15.7023 0.3604
23.6200 -15.7156 0.3607
23.6400 -15.7289 0.3634
23.6600 -15.7423 0.3628
23.6800 -15.7556 0.3645
23.7000 -15.7689 0.3653
23.7200 -15.7822 0.3674
23.7400 -15.7956 0.3674
23.7600 -15.8090 0.3693
23.7800 -15.8223 0.3697
23.8000 -15.8356 0.3712
23.8200 -15.8489 0.3708
23.8400 -15.8623 0.3726
23.8600 -15.8756 0.3749
23.8800 -15.8889 0.3755
23.9000 -15.9022 0.3790
23.9200 -15.9156 0.3761
23.9400 -15.9289 0.3784
23.9600 -15.9422 0.3766
23.9800 -15.9556 0.3803
24.0000 -15.9689 0.3787
24.0200 -15.9823 0.3821
24.0400 -15.9957 0.3817
24.0600 -16.0090 0.3843
24.0800 -16.0223 0.3869
24.1000 -16.0357 0.3880
24.1200 -16.0490 0.3898
24.1400 -16.0623 0.3896
24.1600 -16.0756 0.3898
24.1800 -16.0889 0.3916
24.2000 -16.1023 0.3922
24.2200 -16.1156 0.3936
24.2400 -16.1289 0.3933
24.2600 -16.1422 0.3930
24.2800 -16.1555 0.3945
24.3000 -16.1689 0.3962
24.3200 -16.1822 0.3975
24.3400 -16.1956 0.3975
24.3600 -16.2089 0.3972
24.3800 -16.2223 0.4004
24.4000 -16.2356 0.4006
24.4200 -16.2489 0.4014
24.4400 -16.2623 0.4012
24.4600 -16.2756 0.4023
24.4800 -16.2890 0.4045
24.5000 -16.3023 0.4072
24.5200 -16.3156 0.4077
24.5400 -16.3289 0.4074
24.5600 -16.3423 0.4077
24.5800 -16.3556 0.4104
24.6000 -16.3689 0.4101
24.6200 -16.3822 0.4128
24.6400 -16.3955 0.4124
24.6600 -16.4089 0.4131
24.6800 -16.4222 0.4153
24.7000 -16.4355 0.4144
24.7200 -16.4489 0.4168
24.7400 -16.4623 0.4179
24.7600 -16.4756 0.4187
24.7800 -16.4889 0.4184
24.8000 -16.5023 0.4185
24.8200 -16.5156 0.4200
24.8400 -16.5290 0.4204
24.8600 -16.5423 0.4239
24.8800 -16.5556 0.4216
24.9000 -16.5690 0.4233
24.9200 -16.5823 0.4238
24.9400 -16.5956 0.4265
24.9600 -16.6089 0.4264
24.9800 -16.6222 0.4283
25.0000 -16.6356 0.4285
25.0200 -16.6489 0.4302
25.0400 -16.6623 0.4314
25.0600 -16.6756 0.4285
25.0800 -16.6889 0.4308
25.1000 -16.7023 0.4329
25.1200 -16.7157 0.4341
25.1400 -16.7290 0.4331
25.1600 -16.7423 0.4379
25.1800 -16.7556 0.4366
25.2000 -16.7690 0.4378
25.2200 -16.7823 0.4392
25.2400 -16.7956 0.4396
25.2600 -16.8089 0.4420
25.2800 -16.8223 0.4416
25.3000 -16.8356 0.4441
25.3200 -16.8489 0.4448
25.3400 -16.8622 0.4476
25.3600 -16.8756 0.4497
25.3800 -16.8889 0.4505
25.4000 -16.9023 0.4492
25.4200 -16.9156 0.4524
25.4400 -16.9289 0.4507
25.4600 -16.9423 0.4539
25.4800 -16.9556 0.4534
25.5000 -16.9689 0.4536
25.5200 -16.9822 0.4553
25.5400 -16.9956 0.4557
25.5600 -17.0089 0.4575
25.5800 -17.0222 0.4571
25.6000 -17.0355 0.4596
25.6200 -17.0489 0.4588
25.6400 -17.0622 0.4610
25.6600 -17.0756 0.4614
25.6800 -17.0889 0.4618
25.7000 -17.1022 0.4649
25.7200 -17.1156 0.4661
25.7400 -17.1289 0.4652
25.7600 -17.1423 0.4678
25.7800 -17.1556 0.4684
25.8000 -17.1689 0.4691
25.8200 -17.1823 0.4720
25.8400 -17.1956 0.4725
25.8600 -17.2090 0.4733
25.8800 -17.2223 0.4753
25.9000 -17.2356 0.4758
25.9200 -17.2489 0.4757
25.9400 -17.2623 0.4784
25.9600 -17.2756 0.4784
25.9800 -17.2889 0.4775
26.0000 -17.3023 0.4820
26.0200 -17.3156 0.4823
26.0400 -17.3289 0.4826
26.0600 -17.3422 0.4830
26.0800 -17.3555 0.4836
26.1000 -17.3689 0.4843
26.1200 -17.3822 0.4843
26.1400 -17.3955 0.4845
26.1600 -17.4089 0.4860
26.1800 -17.4223 0.4893
26.2000 -17.4357 0.4893
26.2200 -17.4490 0.4900
26.2400 -17.4623 0.4902
26.2600 -17.4756 0.4905
26.2800 -17.4890 0.4920
26.3000 -17.5023 0.4925
26.3200 -17.5156 0.4918
26.3400 -17.5289 0.4961
26.3600 -17.5423 0.4968
26.3800 -17.5556 0.4973
26.4000 -17.5689 0.4967
26.4200 -17.5822 0.4989
26.4400 -17.5956 0.5005
26.4600 -17.6089 0.5006
26.4800 -17.6223 0.5021
26.5000 -17.6356 0.5046
26.5200 -17.6489 0.5043
26.5400 -17.6623 0.5057
26.5600 -17.6757 0.5063
26.5800 -17.6890 0.5086
26.6000 -17.7023 0.5092
26.6200 -17.7156 0.5102
26.6400 -17.7290 0.5096
26.6600 -17.7423 0.5114
26.6800 -17.7556 0.5120
26.7000 -17.7689 0.5148
26.7200 -17.7823 0.5147
26.7400 -17.7956 0.5177
26.7600 -17.8089 0.5183
26.7800 -17.8222 0.5214
26.8000 -17.8355 0.5221
26.8200 -17.8489 0.5242
26.8400 -17.8622 0.5246
26.8600 -17.8756 0.5286
26.8800 -17.8889 0.5272
26.9000 -17.9022 0.5299
26.9200 -17.9156 0.5297
26.9400 -17.9290 0.5324
26.9600 -17.9423 0.5316
26.9800 -17.9556 0.5340
27.0000 -17.9690 0.5330
27.0200 -17.9823 0.5347
27.0400 -17.9956 0.5367
27.0600 -18.0089 0.5358
27.0800 -18.0223 0.5383
27.1000 -18.0356 0.5360
27.1200 -18.0489 0.5368
27.1400 -18.0622 0.5365
27.1600 -18.0755 0.5418
27.1800 -18.0889 0.5405
27.2000 -18.1022 0.5411
27.2200 -18.1155 0.5403
27.2400 -18.1289 0.5452
27.2600 -18.1423 0.5430
27.2800 -18.1557 0.5466
27.3000 -18.1690 0.5456
27.3200 -18.1823 0.5459
27.3400 -18.1956 0.5470
27.3600 -18.2090 0.5487
27.3800 -18.2223 0.5507
27.4000 -18.2356 0.5514
27.4200 -18.2489 0.5532
27.4400 -18.2623 0.5531
27.4600 -18.2756 0.5549
27.4800 -18.2889 0.5544
27.5000 -18.3022 0.5555
27.5200 -18.3156 0.5603
27.5400 -18.3289 0.5581
27.5600 -18.3422 0.5613
27.5800 -18.3555 0.5615
27.6000 -18.3689 0.5653
27.6200 -18.3822 0.5636
27.6400 -18.3956 0.5661
27.6600 -18.4090 0.5668
27.6800 -18.4223 0.5679
27.7000 -18.4356 0.5696
27.7200 -18.4490 0.5706
27.7400 -18.4623 0.5708
27.7600 -18.4756 0.5734
27.7800 -18.4890 0.5754
27.8000 -18.5023 0.5741
27.8200 -18.5156 0.5768
27.8400 -18.5289 0.5780
27.8600 -18.5422 0.5797
27.8800 -18.5555 0.5801
27.9000 -18.5689 0.5816
27.9200 -18.5822 0.5827
27.9400 -18.5956 0.5822
27.9600 -18.6089 0.5839
27.9800 -18.6222 0.5834
28.0000 -18.6356 0.5860
28.0200 -18.6490 0.5848
28.0400 -18.6622 0.5849
28.0600 -18.6756 0.5869
28.0800 -18.6889 0.5883
28.1000 -18.7023 0.5884
28.1200 -18.7156 0.5904
28.1400 -18.7289 0.5915
28.1600 -18.7423 0.5923
28.1800 -18.7556 0.5961
28.2000 -18.7689 0.5955
28.2200 -18.7822 0.5972
28.2400 -18.7955 0.5968
28.2600 -18.8089 0.6018
28.2800 -18.8222 0.5988
28.3000 -18.8355 0.6014
28.3200 -18.8489 0.6011
28.3400 -18.8622 0.6000
28.3600 -18.8756 0.6021
28.3800 -18.8890 0.6052
28.4000 -18.9023 0.6065
28.4200 -18.9156 0.6082
28.4400 -18.9290 0.6101
28.4600 -18.9423 0.6096
28.4800 -18.9557 0.6124
28.5000 -18.9689 0.6152
28.5200 -18.9822 0.6156
28.5400 -18.9956 0.6174
28.5600 -19.0089 0.6209
28.5800 -19.0222 0.6187
28.6000 -19.0355 0.6236
28.6200 -19.0489 0.6241
28.6400 -19.0623 0.6242
28.6600 -19.0756 0.6254
28.6800 -19.0889 0.6277
28.7000 -19.1023 0.6282
28.7200 -19.1157 0.6311
28.7400 -19.1290 0.6322
28.7600 -19.1423 0.6301
28.7800 -19.1556 0.6326
28.8000 -19.1689 0.6338
28.8200 -19.1823 0.6350
28.8400 -19.1956 0.6346
28.8600 -19.2089 0.6367
28.8800 -19.2223 0.6353
28.9000 -19.2356 0.6379
28.9200 -19.2490 0.6403
28.9400 -19.2622 0.6411
28.9600 -19.2755 0.6450
28.9800 -19.2889 0.6455
29.0000 -19.3022 0.6453
29.0200 -19.3156 0.6447
29.0400 -19.3289 0.6471
29.0600 -19.3422 0.6470
29.0800 -19.3556 0.6482
29.1000 -19.3690 0.6515
29.1200 -19.3823 0.6492
29.1400 -19.3956 0.6529
29.1600 -19.4089 0.6516
29.1800 -19.4223 0.6518
29.2000 -19.4356 0.6530
29.2200 -19.4489 0.6580
29.2400 -19.4622 0.6568
29.2600 -19.4756 0.6601
29.2800 -19.4889 0.6602
29.3000 -19.5022 0.6619
29.3200 -19.5155 0.6642
29.3400 -19.5289 0.6656
29.3600 -19.5422 0.6630
29.3800 -19.5556 0.6668
29.4000 -19.5689 0.6688
29.4200 -19.5823 0.6680
29.4400 -19.5956 0.6704
29.4600 -19.6090 0.6730
29.4800 -19.6223 0.6730
29.5000 -19.6356 0.6766
29.5200 -19.6489 0.6784
29.5400 -19.6623 0.6787
29.5600 -19.6756 0.6792
29.5800 -19.6889 0.6821
29.6000 -19.7022 0.6799
29.6200 -19.7156 0.6819
29.6400 -19.7289 0.6839
29.6600 -19.7422 0.6836
29.6800 -19.7555 0.6855
29.7000 -19.7689 0.6877
29.7200 -19.7823 0.6887
29.7400 -19.7956 0.6895
29.7600 -19.8089 0.6856
29.7800 -19.8222 0.6486
29.8000 -19.8356 0.5826
29.8200 -19.8490 0.5081
29.8400 -19.8623 0.4305
29.8600 -19.8756 0.3532
29.8800 -19.8889 0.2754
29.9000 -19.9023 0.1925
29.9200 -19.9156 0.1166
29.9400 -19.9289 0.0377
29.9600 -19.9423 -0.0431
29.9800 -19.9556 -0.1192
30.0000 -19.9689 -0.3232
30.0200 -19.9822 -0.4813
30.0400 -19.9955 -0.5341
30.0600 -20.0088 -0.5403
30.0800 -20.0222 -0.5365
30.1000 -20.0356 -0.5381
30.1200 -20.0489 -0.5395
30.1400 -20.0622 -0.5465
30.1600 -20.0756 -0.5529
30.1800 -20.0890 -0.5592
30.2000 -20.1023 -0.5697
30.2200 -20.1156 -0.5783
30.2400 -20.1290 -0.5812
30.2600 -20.1423 -0.5871
30.2800 -20.1556 -0.5955
30.3000 -20.1689 -0.6173
30.3200 -20.1823 -0.6576
30.3400 -20.1956 -0.7137
30.3600 -20.2089 -0.7722
30.3800 -20.2222 -0.8372
30.4000 -20.2355 -0.9006
30.4200 -20.2488 -0.9697
30.4400 -20.2622 -1.0448
30.4600 -20.2755 -1.1208
30.4800 -20.2889 -1.1920
30.5000 -20.3022 -1.2634
30.5200 -20.3156 -1.3262
30.5400 -20.3290 -1.3569
30.5600 -20.3423 -1.3644
30.5800 -20.3556 -1.3592
30.6000 -20.3689 -1.3554
30.6200 -20.3823 -1.3542
30.6400 -20.3956 -1.3524
30.6600 -20.4089 -1.3486
30.6800 -20.4222 -1.3504
30.7000 -20.4356 -1.3472
30.7200 -20.4489 -1.3446
30.7400 -20.4622 -1.3430
30.7600 -20.4755 -1.3408
30.7800 -20.4889 -1.3363
30.8000 -20.5022 -1.3385
30.8200 -20.5156 -1.3334
30.8400 -20.5289 -1.3334
30.8600 -20.5422 -1.3304
30.8800 -20.5556 -1.3280
30.9000 -20.5690 -1.3230
30.9200 -20.5823 -1.3223
30.9400 -20.5956 -1.3187
30.9600 -20.6089 -1.3135
30.9800 -20.6222 -1.3111
31.0000 -20.6356 -1.3094
31.0200 -20.6489 -1.3059
31.0400 -20.6622 -1.3046
31.0600 -20.6756 -1.3008
31.0800 -20.6890 -1.2967
31.1000 -20.7023 -1.2951
31.1200 -20.7156 -1.2909
31.1400 -20.7289 -1.2875
31.1600 -20.7422 -1.2882
31.1800 -20.7556 -1.2866
31.2000 -20.7689 -1.2834
31.2200 -20.7822 -1.2821
31.2400 -20.7956 -1.2809
31.2600 -20.8090 -1.2784
31.2800 -20.8223 -1.2775
31.3000 -20.8356 -1.2766
31.3200 -20.8490 -1.2738
31.3400 -20.8623 -1.2709
31.3600 -20.8757 -1.2674
31.3800 -20.8890 -1.2653
31.4000 -20.9023 -1.2635
31.4200 -20.9156 -1.2611
31.4400 -20.9289 -1.2572
31.4600 -20.9422 -1.2541
31.4800 -20.9555 -1.2518
31.5000 -20.9689 -1.2476
31.5200 -20.9822 -1.2433
31.5400 -20.9956 -1.2409
31.5600 -21.0089 -1.2374
31.5800 -21.0222 -1.2372
31.6000 -21.0356 -1.2346
31.6200 -21.0490 -1.2299
31.6400 -21.0623 -1.2287
31.6600 -21.0756 -1.2259
31.6800 -21.0889 -1.2246
31.7000 -21.1023 -1.2203
31.7200 -21.1156 -1.2213
31.7400 -21.1289 -1.2160
31.7600 -21.1423 -1.2171
31.7800 -21.1556 -1.2150
31.8000 -21.1690 -1.2124
31.8200 -21.1823 -1.2092
31.8400 -21.1955 -1.2086
31.8600 -21.2089 -1.2041
31.8800 -21.2222 -1.2034
31.9000 -21.2356 -1.2002
31.9200 -21.2489 -1.1971
31.9400 -21.2622 -1.1959
31.9600 -21.2756 -1.1923
31.9800 -21.2889 -1.1878
32.0000 -21.3023 -1.1856
32.0200 -21.3156 -1.1839
32.0400 -21.3289 -1.1799
32.0600 -21.3423 -1.1777
32.0800 -21.3556 -1.1760
32.1000 -21.3690 -1.1696
32.1200 -21.3823 -1.1685
32.1400 -21.3956 -1.1655
32.1600 -21.4090 -1.1629
32.1800 -21.4223 -1.1595
32.2000 -21.4355 -1.1588
32.2200 -21.4489 -1.1525
32.2400 -21.4622 -1.1517
32.2600 -21.4756 -1.1489
32.2800 -21.4889 -1.1451
32.3000 -21.5022 -1.1419
32.3200 -21.5156 -1.1407
32.3400 -21.5290 -1.1335
32.3600 -21.5423 -1.1316
32.3800 -21.5556 -1.1298
32.4000 -21.5689 -1.1253
32.4200 -21.5823 -1.1229
32.4400 -21.5956 -1.1190
32.4600 -21.6089 -1.1166
32.4800 -21.6222 -1.1132
32.5000 -21.6356 -1.1119
32.5200 -21.6489 -1.1073
32.5400 -21.6622 -1.1058
32.5600 -21.6755 -1.1034
32.5800 -21.6889 -1.1015
32.6000 -21.7022 -1.0982
32.6200 -21.7156 -1.0982
32.6400 -21.7289 -1.0928
32.6600 -21.7422 -1.0937
32.6800 -21.7556 -1.0921
32.7000 -21.7690 -1.0904
32.7200 -21.7823 -1.0885
32.7400 -21.7956 -1.0884
32.7600 -21.8089 -1.0851
32.7800 -21.8223 -1.0866
32.8000 -21.8356 -1.0870
32.8200 -21.8489 -1.0842
32.8400 -21.8622 -1.0829
32.8600 -21.8756 -1.0838
32.8800 -21.8889 -1.0812
32.9000 -21.9022 -1.0805
32.9200 -21.9155 -1.0804
32.9400 -21.9289 -1.0786
32.9600 -21.9422 -1.0792
32.9800 -21.9556 -1.0787
33.0000 -21.9689 -1.0787
33.0200 -21.9822 -1.0770
33.0400 -21.9956 -1.0765
33.0600 -22.0090 -1.0731
33.0800 -22.0223 -1.0707
33.1000 -22.0356 -1.0711
33.1200 -22.0489 -1.0665
33.1400 -22.0623 -1.0642
33.1600 -22.0756 -1.0643
33.1800 -22.0890 -1.0607
33.2000 -22.1023 -1.0599
33.2200 -22.1156 -1.0596
33.2400 -22.1290 -1.0549
33.2600 -22.1423 -1.0518
33.2800 -22.1556 -1.0512
33.3000 -22.1689 -1.0468
33.3200 -22.1822 -1.0457
33.3400 -22.1955 -1.0434
33.3600 -22.2089 -1.0400
33.3800 -22.2222 -1.0383
33.4000 -22.2356 -1.0386
33.4200 -22.2489 -1.0346
33.4400 -22.2623 -1.0318
33.4600 -22.2756 -1.0304
33.4800 -22.2889 -1.0287
33.5000 -22.3023 -1.0272
33.5200 -22.3157 -1.0284
33.5400 -22.3290 -1.0247
33.5600 -22.3422 -1.0238
33.5800 -22.3556 -1.0240
33.6000 -22.3689 -1.0207
33.6200 -22.3823 -1.0169
33.6400 -22.3955 -1.0176
33.6600 -22.4089 -1.0143
33.6800 -22.4222 -1.0136
33.7000 -22.4356 -1.0133
33.7200 -22.4489 -1.0077
33.7400 -22.4623 -1.0056
33.7600 -22.4756 -1.0074
33.7800 -22.4890 -1.0035
33.8000 -22.5023 -1.0020
33.8200 -22.5156 -0.9986
33.8400 -22.5289 -0.9966
33.8600 -22.5423 -0.9926
33.8800 -22.5556 -0.9978
33.9000 -22.5690 -0.9913
33.9200 -22.5823 -0.9894
33.9400 -22.5956 -0.9888
33.9600 -22.6089 -0.9843
33.9800 -22.6223 -0.9830
34.0000 -22.6355 -0.9836
34.0200 -22.6489 -0.9791
34.0400 -22.6622 -0.9770
34.0600 -22.6756 -0.9768
34.0800 -22.6889 -0.9711
34.1000 -22.7022 -0.9708
34.1200 -22.7156 -0.9679
34.1400 -22.7290 -0.9653
34.1600 -22.7423 -0.9594
34.1800 -22.7556 -0.9616
34.2000 -22.7689 -0.9556
34.2200 -22.7823 -0.9542
34.2400 -22.7957 -0.9525
34.2600 -22.8090 -0.9490
34.2800 -22.8223 -0.9473
34.3000 -22.8356 -0.9466
34.3200 -22.8489 -0.9425
34.3400 -22.8623 -0.9402
34.3600 -22.8755 -0.9413
34.3800 -22.8888 -0.9345
34.4000 -22.9022 -0.9318
34.4200 -22.9156 -0.9323
34.4400 -22.9289 -0.9297
34.4600 -22.9422 -0.9263
34.4800 -22.9556 -0.9292
34.5000 -22.9690 -0.9252
34.5200 -22.9823 -0.9240
34.5400 -22.9956 -0.9246
34.5600 -23.0090 -0.9225
34.5800 -23.0223 -0.9202
34.6000 -23.0357 -0.9201
34.6200 -23.0490 -0.9184
34.6400 -23.0623 -0.9193
34.6600 -23.0756 -0.9199
34.6800 -23.0889 -0.9149
34.7000 -23.1022 -0.9133
34.7200 -23.1155 -0.9144
34.7400 -23.1288 -0.9111
34.7600 -23.1422 -0.9099
34.7800 -23.1556 -0.9100
34.8000 -23.1689 -0.9081
34.8200 -23.1822 -0.9058
34.8400 -23.1956 -0.9057
34.8600 -23.2089 -0.9033
34.8800 -23.2223 -0.9006
34.9000 -23.2356 -0.9013
34.9200 -23.2489 -0.9000
34.9400 -23.2623 -0.8945
34.9600 -23.2756 -0.8958
34.9800 -23.2890 -0.8929
35.0000 -23.3023 -0.8904
35.0200 -23.3156 -0.8907
35.0400 -23.3290 -0.8867
35.0600 -23.3423 -0.8839
35.0800 -23.3556 -0.8833
35.1000 -23.3689 -0.8791
35.1200 -23.3822 -0.8790
35.1400 -23.3956 -0.8778
35.1600 -23.4089 -0.8760
35.1800 -23.4222 -0.8747
35.2000 -23.4356 -0.8726
35.2200 -23.4489 -0.8719
35.2400 -23.4623 -0.8675
35.2600 -23.4756 -0.8703
35.2800 -23.4889 -0.8649
35.3000 -23.5023 -0.8640
35.3200 -23.5156 -0.8636
35.3400 -23.5290 -0.8606
35.3600 -23.5423 -0.8552
35.3800 -23.5556 -0.8570
35.4000 -23.5690 -0.8512
35.4200 -23.5823 -0.8507
35.4400 -23.5956 -0.8493
35.4600 -23.6088 -0.8489
35.4800 -23.6222 -0.8441
35.5000 -23.6356 -0.8457
35.5200 -23.6489 -0.8415
35.5400 -23.6622 -0.8411
35.5600 -23.6756 -0.8395
35.5800 -23.6889 -0.8389
35.6000 -23.7023 -0.8349
35.6200 -23.7157 -0.8362
35.6400 -23.7290 -0.8326
35.6600 -23.7423 -0.8318
35.6800 -23.7557 -0.8301
35.7000 -23.7690 -0.8296
35.7200 -23.7823 -0.8270
35.7400 -23.7956 -0.8272
35.7600 -23.8089 -0.8246
35.7800 -23.8222 -0.8225
35.8000 -23.8355 -0.8249
35.8200 -23.8488 -0.8217
35.8400 -23.8622 -0.8178
35.8600 -23.8756 -0.8176
35.8800 -23.8889 -0.8150
35.9000 -23.9022 -0.8111
35.9200 -23.9156 -0.8132
35.9400 -23.9289 -0.8092
35.9600 -23.9423 -0.8084
35.9800 -23.9556 -0.8055
36.0000 -23.9689 -0.8050
36.0200 -23.9823 -0.8011
36.0400 -23.9956 -0.8018
36.0600 -24.0090 -0.7996
36.0800 -24.0223 -0.7964
36.1000 -24.0356 -0.7952
36.1200 -24.0489 -0.7956
36.1400 -24.0623 -0.7915
36.1600 -24.0756 -0.7926
36.1800 -24.0889 -0.7893
36.2000 -24.1022 -0.7847
36.2200 -24.1155 -0.7857
36.2400 -24.1289 -0.7845
36.2600 -24.1422 -0.7814
36.2800 -24.1556 -0.7796
36.3000 -24.1689 -0.7766
36.3200 -24.1823 -0.7743
36.3400 -24.1956 -0.7737
36.3600 -24.2089 -0.7714
36.3800 -24.2223 -0.7689
36.4000 -24.2356 -0.7692
36.4200 -24.2490 -0.7660
36.4400 -24.2623 -0.7645
36.4600 -24.2756 -0.7646
36.4800 -24.2889 -0.7628
36.5000 -24.3023 -0.7572
36.5200 -24.3156 -0.7579
36.5400 -24.3289 -0.7565
36.5600 -24.3422 -0.7544
36.5800 -24.3555 -0.7541
36.6000 -24.3689 -0.7531
36.6200 -24.3822 -0.7497
36.6400 -24.3956 -0.7509
36.6600 -24.4089 -0.7476
36.6800 -24.4223 -0.7451
36.7000 -24.4356 -0.7464
36.7200 -24.4489 -0.7437
36.7400 -24.4623 -0.7405
36.7600 -24.4756 -0.7426
36.7800 -24.4890 -0.7411
36.8000 -24.5023 -0.7405
36.8200 -24.5156 -0.7399
36.8400 -24.5289 -0.7387
36.8600 -24.5423 -0.7355
36.8800 -24.5556 -0.7368
36.9000 -24.5689 -0.7357
36.9200 -24.5822 -0.7329
36.9400 -24.5956 -0.7338
36.9600 -24.6089 -0.7282
36.9800 -24.6223 -0.7278
37.0000 -24.6356 -0.7280
37.0200 -24.6489 -0.7284
37.0400 -24.6623 -0.7233
37.0600 -24.6756 -0.7240
37.0800 -24.6889 -0.7236
37.1000 -24.7023 -0.7191
37.1200 -24.7157 -0.7217
37.1400 -24.7290 -0.7206
37.1600 -24.7423 -0.7164
37.1800 -24.7556 -0.7152
37.2000 -24.7689 -0.7151
37.2200 -24.7823 -0.7117
37.2400 -24.7956 -0.7129
37.2600 -24.8089 -0.7100
37.2800 -24.8222 -0.7088
37.3000 -24.8355 -0.7063
37.3200 -24.8489 -0.7062
37.3400 -24.8622 -0.7015
37.3600 -24.8755 -0.7003
37.3800 -24.8889 -0.6982
37.4000 -24.9023 -0.6963
37.4200 -24.9157 -0.6954
37.4400 -24.9290 -0.6936
37.4600 -24.9423 -0.6908
37.4800 -24.9556 -0.6894
37.5000 -24.9690 -0.6883
37.5200 -24.9823 -0.6862
37.5400 -24.9956 -0.6848
37.5600 -25.0089 -0.6810
37.5800 -25.0223 -0.6792
37.6000 -25.0356 -0.6783
37.6200 -25.0489 -0.6770
37.6400 -25.0622 -0.6714
37.6600 -25.0755 -0.6721
37.6800 -25.0889 -0.6711
37.7000 -25.1022 -0.6689
37.7200 -25.1156 -0.6675
37.7400 -25.1289 -0.6645
37.7600 -25.1423 -0.6613
37.7800 -25.1557 -0.6610
37.8000 -25.1690 -0.6607
37.8200 -25.1823 -0.6585
37.8400 -25.1956 -0.6569
37.8600 -25.2090 -0.6559
37.8800 -25.2223 -0.6536
37.9000 -25.2356 -0.6537
37.9200 -25.2489 -0.6521
37.9400 -25.2623 -0.6488
37.9600 -25.2756 -0.6470
37.9800 -25.2889 -0.6477
38.0000 -25.3022 -0.6442
38.0200 -25.3155 -0.6440
38.0400 -25.3289 -0.6402
38.0600 -25.3423 -0.6409
38.0800 -25.3556 -0.6386
38.1000 -25.3689 -0.6396
38.1200 -25.3823 -0.6346
38.1400 -25.3956 -0.6337
38.1600 -25.4089 -0.6320
38.1800 -25.4222 -0.6285
38.2000 -25.4356 -0.6267
38.2200 -25.4489 -0.6282
38.2400 -25.4623 -0.6218
38.2600 -25.4756 -0.6219
38.2800 -25.4889 -0.6193
38.3000 -25.5022 -0.6185
38.3200 -25.5156 -0.6172
38.3400 -25.5289 -0.6169
38.3600 -25.5422 -0.6124
38.3800 -25.5555 -0.6118
38.4000 -25.5689 -0.6111
38.4200 -25.5822 -0.6065
38.4400 -25.5956 -0.6038
38.4600 -25.6089 -0.6029
38.4800 -25.6223 -0.6017
38.5000 -25.6357 -0.6010
38.5200 -25.6490 -0.6023
38.5400 -25.6623 -0.5961
38.5600 -25.6756 -0.5964
38.5800 -25.6890 -0.5941
38.6000 -25.7023 -0.5941
38.6200 -25.7156 -0.5912
38.6400 -25.7289 -0.5917
38.6600 -25.7423 -0.5864
38.6800 -25.7556 -0.5856
38.7000 -25.7689 -0.5836
38.7200 -25.7822 -0.5821
38.7400 -25.7955 -0.5809
38.7600 -25.8089 -0.5826
38.7800 -25.8223 -0.5791
38.8000 -25.8356 -0.5813
38.8200 -25.8489 -0.5770
38.8400 -25.8623 -0.5765
38.8600 -25.8756 -0.5759
38.8800 -25.8889 -0.5778
38.9000 -25.9023 -0.5751
38.9200 -25.9156 -0.5751
38.9400 -25.9290 -0.5746
38.9600 -25.9423 -0.5747
38.9800 -25.9556 -0.5735
39.0000 -25.9689 -0.5735
39.0200 -25.9823 -0.5693
39.0400 -25.9956 -0.5694
39.0600 -26.0089 -0.5680
39.0800 -26.0222 -0.5666
39.1000 -26.0355 -0.5647
39.1200 -26.0489 -0.5658
39.1400 -26.0623 -0.5631
39.1600 -26.0756 -0.5640
39.1800 -26.0889 -0.5633
39.2000 -26.1022 -0.5603
39.2200 -26.1156 -0.5591
39.2400 -26.1289 -0.5597
39.2600 -26.1422 -0.5579
39.2800 -26.1556 -0.5552
39.3000 -26.1689 -0.5552
39.3200 -26.1823 -0.5506
39.3400 -26.1956 -0.5513
39.3600 -26.2089 -0.5509
39.3800 -26.2223 -0.5472
39.4000 -26.2356 -0.5475
39.4200 -26.2489 -0.5463
39.4400 -26.2622 -0.5435
39.4600 -26.2755 -0.5409
39.4800 -26.2889 -0.5398
39.5000 -26.3022 -0.5370
39.5200 -26.3156 -0.5370
39.5400 -26.3289 -0.5384
39.5600 -26.3423 -0.5334
39.5800 -26.3557 -0.5328
39.6000 -26.3690 -0.5313
39.6200 -26.3823 -0.5295
39.6400 -26.3956 -0.5280
39.6600 -26.4089 -0.5292
39.6800 -26.4223 -0.5255
39.7000 -26.4356 -0.5232
39.7200 -26.4489 -0.5208
39.7400 -26.4623 -0.5185
39.7600 -26.4756 -0.5166
39.7800 -26.4889 -0.5178
39.8000 -26.5022 -0.5121
39.8200 -26.5156 -0.5085
39.8400 -26.5289 -0.5072
39.8600 -26.5423 -0.5021
39.8800 -26.5556 -0.5027
39.9000 -26.5689 -0.5004
39.9200 -26.5823 -0.4965
39.9400 -26.5956 -0.4927
39.9600 -26.6090 -0.4910
39.9800 -26.6223 -0.4862
40.0000 -26.6356 -0.4836
40.0200 -26.6490 -0.4822
40.0400 -26.6623 -0.4764
40.0600 -26.6756 -0.4732
40.0800 -26.6889 -0.4699
40.1000 -26.7022 -0.4655
40.1200 -26.7156 -0.4617
40.1400 -26.7289 -0.4597
40.1600 -26.7422 -0.4553
40.1800 -26.7555 -0.4528
40.2000 -26.7689 -0.4489
40.2200 -26.7823 -0.4446
40.2400 -26.7956 -0.4428
40.2600 -26.8089 -0.4413
40.2800 -26.8223 -0.4382
40.3000 -26.8356 -0.4344
40.3200 -26.8489 -0.4347
40.3400 -26.8622 -0.4320
40.3600 -26.8756 -0.4302
40.3800 -26.8889 -0.4281
40.4000 -26.9023 -0.4256
40.4200 -26.9156 -0.4255
40.4400 -26.9289 -0.4252
40.4600 -26.9423 -0.4222
40.4800 -26.9556 -0.4200
40.5000 -26.9689 -0.4181
40.5200 -26.9822 -0.4146
40.5400 -26.9955 -0.4143
40.5600 -27.0089 -0.4151
40.5800 -27.0222 -0.4138
40.6000 -27.0355 -0.4111
40.6200 -27.0489 -0.4106
40.6400 -27.0622 -0.4062
40.6600 -27.0756 -0.4088
40.6800 -27.0890 -0.4069
40.7000 -27.1023 -0.4074
40.7200 -27.1156 -0.4048
40.7400 -27.1290 -0.4071
40.7600 -27.1423 -0.4054
40.7800 -27.1556 -0.4058
40.8000 -27.1689 -0.4042
40.8200 -27.1823 -0.4035
40.8400 -27.1956 -0.4016
40.8600 -27.2089 -0.4041
40.8800 -27.2222 -0.4027
40.9000 -27.2355 -0.4017
40.9200 -27.2489 -0.4037
40.9400 -27.2623 -0.3983
40.9600 -27.2756 -0.4000
40.9800 -27.2889 -0.3994
41.0000 -27.3023 -0.3975
41.0200 -27.3157 -0.3963
41.0400 -27.3290 -0.3965
41.0600 -27.3423 -0.3936
41.0800 -27.3556 -0.3947
41.1000 -27.3689 -0.3948
41.1200 -27.3823 -0.3939
41.1400 -27.3956 -0.3924
41.1600 -27.4089 -0.3919
41.1800 -27.4223 -0.3894
41.2000 -27.4356 -0.3881
41.2200 -27.4489 -0.3887
41.2400 -27.4622 -0.3886
41.2600 -27.4755 -0.3846
41.2800 -27.4889 -0.3850
41.3000 -27.5023 -0.3821
41.3200 -27.5156 -0.3809
41.3400 -27.5289 -0.3794
41.3600 -27.5423 -0.3774
41.3800 -27.5556 -0.3749
41.4000 -27.5690 -0.3754
41.4200 -27.5823 -0.3710
41.4400 -27.5956 -0.3721
41.4600 -27.6090 -0.3714
41.4800 -27.6223 -0.3696
41.5000 -27.6356 -0.3651
41.5200 -27.6489 -0.3649
41.5400 -27.6623 -0.3608
41.5600 -27.6756 -0.3596
41.5800 -27.6889 -0.3587
41.6000 -27.7022 -0.3563
41.6200 -27.7155 -0.3531
41.6400 -27.7289 -0.3565
41.6600 -27.7422 -0.3532
41.6800 -27.7556 -0.3512
41.7000 -27.7689 -0.3513
41.7200 -27.7822 -0.3494
41.7400 -27.7956 -0.3467
41.7600 -27.8090 -0.3456
41.7800 -27.8223 -0.3442
41.8000 -27.8356 -0.3430
41.8200 -27.8490 -0.3395
41.8400 -27.8623 -0.3386
41.8600 -27.8756 -0.3371
41.8800 -27.8889 -0.3355
41.9000 -27.9023 -0.3337
41.9200 -27.9156 -0.3311
41.9400 -27.9289 -0.3308
41.9600 -27.9422 -0.3301
41.9800 -27.9555 -0.3265
42.0000 -27.9689 -0.3238
42.0200 -27.9823 -0.3224
42.0400 -27.9956 -0.3192
42.0600 -28.0089 -0.3201
42.0800 -28.0222 -0.3149
42.1000 -28.0356 -0.3151
42.1200 -28.0490 -0.3120
42.1400 -28.0623 -0.3129
42.1600 -28.0756 -0.3075
42.1800 -28.0889 -0.3098
42.2000 -28.1023 -0.3047
42.2200 -28.1156 -0.3018
42.2400 -28.1290 -0.2984
42.2600 -28.1423 -0.2982
42.2800 -28.1556 -0.2950
42.3000 -28.1689 -0.2931
42.3200 -28.1822 -0.2918
42.3400 -28.1955 -0.2887
42.3600 -28.2089 -0.2871
42.3800 -28.2222 -0.2841
42.4000 -28.2356 -0.2830
42.4200 -28.2489 -0.2823
42.4400 -28.2622 -0.2799
42.4600 -28.2756 -0.2760
42.4800 -28.2889 -0.2741
42.5000 -28.3022 -0.2718
42.5200 -28.3156 -0.2703
42.5400 -28.3289 -0.2698
42.5600 -28.3423 -0.2670
42.5800 -28.3556 -0.2645
42.6000 -28.3690 -0.2644
42.6200 -28.3823 -0.2643
42.6400 -28.3956 -0.2612
42.6600 -28.4090 -0.2617
42.6800 -28.4222 -0.2606
42.7000 -28.4355 -0.2573
42.7200 -28.4489 -0.2566
42.7400 -28.4622 -0.2540
42.7600 -28.4755 -0.2527
42.7800 -28.4889 -0.2534
42.8000 -28.5022 -0.2528
42.8200 -28.5156 -0.2508
42.8400 -28.5290 -0.2498
42.8600 -28.5423 -0.2477
42.8800 -28.5556 -0.2472
42.9000 -28.5690 -0.2462
42.9200 -28.5823 -0.2471
42.9400 -28.5956 -0.2460
42.9600 -28.6089 -0.2447
42.9800 -28.6222 -0.2426
43.0000 -28.6356 -0.2410
43.0200 -28.6489 -0.2412
43.0400 -28.6622 -0.2432
43.0600 -28.6755 -0.2395
43.0800 -28.6889 -0.2393
43.1000 -28.7022 -0.2373
43.1200 -28.7156 -0.2377
43.1400 -28.7289 -0.2363
43.1600 -28.7422 -0.2356
43.1800 -28.7556 -0.2348
43.2000 -28.7690 -0.2330
43.2200 -28.7823 -0.2332
43.2400 -28.7956 -0.2309
43.2600 -28.8089 -0.2316
43.2800 -28.8223 -0.2313
43.3000 -28.8356 -0.2287
43.3200 -28.8489 -0.2278
43.3400 -28.8623 -0.2275
43.3600 -28.8756 -0.2243
43.3800 -28.8890 -0.2236
43.4000 -28.9023 -0.2225
43.4200 -28.9156 -0.2216
43.4400 -28.9289 -0.2207
43.4600 -28.9422 -0.2195
43.4800 -28.9556 -0.2163
43.5000 -28.9689 -0.2147
43.5200 -28.9822 -0.2140
43.5400 -28.9956 -0.2139
43.5600 -29.0090 -0.2124
43.5800 -29.0223 -0.2130
43.6000 -29.0356 -0.2093
43.6200 -29.0489 -0.2085
43.6400 -29.0623 -0.2058
43.6600 -29.0756 -0.2030
43.6800 -29.0889 -0.2039
43.7000 -29.1022 -0.2025
43.7200 -29.1156 -0.2006
43.7400 -29.1289 -0.1986
43.7600 -29.1422 -0.1974
43.7800 -29.1555 -0.1937
43.8000 -29.1689 -0.1911
43.8200 -29.1822 -0.1907
43.8400 -29.1956 -0.1894
43.8600 -29.2089 -0.1892
43.8800 -29.2223 -0.1889
43.9000 -29.2356 -0.1846
43.9200 -29.2490 -0.1850
43.9400 -29.2623 -0.1816
43.9600 -29.2756 -0.1825
43.9800 -29.2889 -0.1774
44.0000 -29.3023 -0.1780
44.0200 -29.3156 -0.1741
44.0400 -29.3289 -0.1746
44.0600 -29.3422 -0.1732
44.0800 -29.3556 -0.1713
44.1000 -29.3689 -0.1697
44.1200 -29.3822 -0.1692
44.1400 -29.3955 -0.1655
44.1600 -29.4089 -0.1622
44.1800 -29.4222 -0.1615
44.2000 -29.4356 -0.1608
44.2200 -29.4489 -0.1585
44.2400 -29.4623 -0.1569
44.2600 -29.4756 -0.1554
44.2800 -29.4890 -0.1538
44.3000 -29.5023 -0.1528
44.3200 -29.5156 -0.1507
44.3400 -29.5289 -0.1484
44.3600 -29.5423 -0.1477
44.3800 -29.5556 -0.1466
44.4000 -29.5689 -0.1459
44.4200 -29.5823 -0.1441
44.4400 -29.5956 -0.1412
44.4600 -29.6089 -0.1415
44.4800 -29.6222 -0.1387
44.5000 -29.6355 -0.1367
44.5200 -29.6488 -0.1360
44.5400 -29.6622 -0.1313
44.5600 -29.6756 -0.1288
44.5800 -29.6889 -0.1271
44.6000 -29.7022 -0.1255
44.6200 -29.7156 -0.1237
44.6400 -29.7290 -0.1205
44.6600 -29.7423 -0.1220
44.6800 -29.7556 -0.1201
44.7000 -29.7690 -0.1195
44.7200 -29.7823 -0.1169
44.7400 -29.7956 -0.1149
44.7600 -29.8089 -0.1128
44.7800 -29.8223 -0.1124
44.8000 -29.8356 -0.1131
44.8200 -29.8489 -0.1110
44.8400 -29.8622 -0.1105
44.8600 -29.8755 -0.1096
44.8800 -29.8888 -0.1090
44.9000 -29.9022 -0.1100
44.9200 -29.9155 -0.1066
44.9400 -29.9289 -0.1072
44.9600 -29.9422 -0.1050
44.9800 -29.9556 -0.1065
45.0000 -29.9690 -0.1030
45.0200 -29.9823 -0.1041
45.0400 -29.9956 -0.1024
45.0600 -30.0090 -0.1020
45.0800 -30.0223 -0.1016
45.1000 -30.0357 -0.0993
45.1200 -30.0489 -0.0961
45.1400 -30.0622 -0.0968
45.1600 -30.0756 -0.0948
45.1800 -30.0889 -0.0939
45.2000 -30.1022 -0.0934
45.2200 -30.1155 -0.0881
45.2400 -30.1289 -0.0896
45.2600 -30.1422 -0.0874
45.2800 -30.1556 -0.0885
45.3000 -30.1689 -0.0853
45.3200 -30.1822 -0.0860
45.3400 -30.1956 -0.0799
45.3600 -30.2090 -0.0778
45.3800 -30.2223 -0.0751
45.4000 -30.2356 -0.0749
45.4200 -30.2489 -0.0716
45.4400 -30.2623 -0.0713
45.4600 -30.2756 -0.0671
45.4800 -30.2890 -0.0651
45.5000 -30.3023 -0.0652
45.5200 -30.3156 -0.0633
45.5400 -30.3290 -0.0607
45.5600 -30.3423 -0.0570
45.5800 -30.3556 -0.0563
45.6000 -30.3689 -0.0560
45.6200 -30.3822 -0.0536
45.6400 -30.3956 -0.0516
45.6600 -30.4089 -0.0486
45.6800 -30.4222 -0.0471
45.7000 -30.4356 -0.0455
45.7200 -30.4490 -0.0460
45.7400 -30.4623 -0.0427
45.7600 -30.4756 -0.0426
45.7800 -30.4890 -0.0416
45.8000 -30.5023 -0.0400
45.8200 -30.5157 -0.0394
45.8400 -30.5290 -0.0373
45.8600 -30.5423 -0.0349
45.8800 -30.5556 -0.0335
45.9000 -30.5689 -0.0317
45.9200 -30.5822 -0.0316
45.9400 -30.5955 -0.0298
45.9600 -30.6089 -0.0260
45.9800 -30.6222 -0.0254
46.0000 -30.6356 -0.0239
46.0200 -30.6489 -0.0217
46.0400 -30.6622 -0.0176
46.0600 -30.6756 -0.0181
46.0800 -30.6889 -0.0160
46.1000 -30.7023 -0.0144
46.1200 -30.7156 -0.0136
46.1400 -30.7289 -0.0113
46.1600 -30.7423 -0.0075
46.1800 -30.7556 -0.0064
46.2000 -30.7689 -0.0029
46.2200 -30.7822 -0.0022
46.2400 -30.7956 -0.0013
46.2600 -30.8090 0.0011
46.2800 -30.8223 0.0032
46.3000 -30.8355 0.0035
46.3200 -30.8489 0.0044
46.3400 -30.8622 0.0070
46.3600 -30.8756 0.0083
46.3800 -30.8889 0.0108
46.4000 -30.9022 0.0115
46.4200 -30.9156 0.0118
46.4400 -30.9289 0.0135
46.4600 -30.9423 0.0161
46.4800 -30.9556 0.0167
46.5000 -30.9689 0.0201
46.5200 -30.9823 0.0197
46.5400 -30.9956 0.0223
46.5600 -31.0090 0.0235
46.5800 -31.0223 0.0269
46.6000 -31.0356 0.0246
46.6200 -31.0490 0.0272
46.6400 -31.0623 0.0280
46.6600 -31.0756 0.0305
46.6800 -31.0889 0.0307
46.7000 -31.1022 0.0342
46.7200 -31.1156 0.0343
46.7400 -31.1289 0.0389
46.7600 -31.1423 0.0399
46.7800 -31.1556 0.0387
46.8000 -31.1690 0.0431
46.8200 -31.1823 0.0418
46.8400 -31.1956 0.0446
46.8600 -31.2089 0.0471
46.8800 -31.2223 0.0493
46.9000 -31.2356 0.0472
46.9200 -31.2489 0.0505
46.9400 -31.2622 0.0504
46.9600 -31.2756 0.0515
46.9800 -31.2889 0.0556
47.0000 -31.3022 0.0571
47.0200 -31.3155 0.0578
47.0400 -31.3289 0.0596
47.0600 -31.3422 0.0605
47.0800 -31.3556 0.0630
47.1000 -31.3689 0.0646
47.1200 -31.3823 0.0660
47.1400 -31.3956 0.0675
47.1600 -31.4090 0.0703
47.1800 -31.4223 0.0733
47.2000 -31.4356 0.0748
47.2200 -31.4489 0.0766
47.2400 -31.4623 0.0790
47.2600 -31.4756 0.0778
47.2800 -31.4889 0.0808
47.3000 -31.5022 0.0832
47.3200 -31.5156 0.0864
47.3400 -31.5289 0.0883
47.3600 -31.5422 0.0906
47.3800 -31.5555 0.0907
47.4000 -31.5689 0.0932
47.4200 -31.5822 0.0960
47.4400 -31.5956 0.0999
47.4600 -31.6089 0.0996
47.4800 -31.6222 0.1027
47.5000 -31.6356 0.0998
47.5200 -31.6490 0.1051
47.5400 -31.6623 0.1073
47.5600 -31.6756 0.1090
47.5800 -31.6889 0.1116
47.6000 -31.7022 0.1122
47.6200 -31.7156 0.1156
47.6400 -31.7289 0.1175
47.6600 -31.7423 0.1204
47.6800 -31.7556 0.1185
47.7000 -31.7690 0.1226
47.7200 -31.7823 0.1257
47.7400 -31.7956 0.1279
47.7600 -31.8089 0.1269
47.7800 -31.8222 0.1297
47.8000 -31.8355 0.1310
47.8200 -31.8489 0.1334
47.8400 -31.8622 0.1347
47.8600 -31.8755 0.1336
47.8800 -31.8889 0.1389
47.9000 -31.9023 0.1382
47.9200 -31.9156 0.1430
47.9400 -31.9290 0.1422
47.9600 -31.9423 0.1443
47.9800 -31.9557 0.1445
48.0000 -31.9690 0.1456
48.0200 -31.9823 0.1476
48.0400 -31.9956 0.1480
48.0600 -32.0089 0.1477
48.0800 -32.0223 0.1481
48.1000 -32.0356 0.1501
48.1200 -32.0489 0.1502
48.1400 -32.0622 0.1531
48.1600 -32.0756 0.1533
48.1800 -32.0889 0.1570
48.2000 -32.1022 0.1555
48.2200 -32.1156 0.1559
48.2400 -32.1290 0.1573
48.2600 -32.1423 0.1583
48.2800 -32.1556 0.1575
48.3000 -32.1689 0.1582
48.3200 -32.1823 0.1605
48.3400 -32.1956 0.1591
48.3600 -32.2090 0.1619
48.3800 -32.2223 0.1620
48.4000 -32.2356 0.1629
48.4200 -32.2489 0.1628
48.4400 -32.2623 0.1644
48.4600 -32.2756 0.1642
48.4800 -32.2888 0.1632
48.5000 -32.3022 0.1651
48.5200 -32.3156 0.1653
48.5400 -32.3289 0.1637
48.5600 -32.3422 0.1661
48.5800 -32.3556 0.1653
48.6000 -32.3689 0.1685
48.6200 -32.3823 0.1696
48.6400 -32.3956 0.1702
48.6600 -32.4089 0.1699
48.6800 -32.4223 0.1699
48.7000 -32.4356 0.1718
48.7200 -32.4490 0.1735
48.7400 -32.4623 0.1752
48.7600 -32.4756 0.1753
48.7800 -32.4890 0.1774
48.8000 -32.5023 0.1779
48.8200 -32.5156 0.1793
48.8400 -32.5288 0.1817
48.8600 -32.5422 0.1834
48.8800 -32.5555 0.1833
48.9000 -32.5689 0.1865
48.9200 -32.5822 0.1870
48.9400 -32.5956 0.1899
48.9600 -32.6089 0.1906
48.9800 -32.6223 0.1931
49.0000 -32.6357 0.1933
49.0200 -32.6490 0.1950
49.0400 -32.6623 0.1954
49.0600 -32.6757 0.2012
49.0800 -32.6890 0.2012
49.1000 -32.7023 0.2085
49.1200 -32.7156 0.2089
49.1400 -32.7289 0.2120
49.1600 -32.7423 0.2155
49.1800 -32.7556 0.2179
49.2000 -32.7689 0.2171
49.2200 -32.7822 0.2216
49.2400 -32.7956 0.2246
49.2600 -32.8089 0.2281
49.2800 -32.8222 0.2297
49.3000 -32.8355 0.2311
49.3200 -32.8489 0.2330
49.3400 -32.8623 0.2375
49.3600 -32.8756 0.2393
49.3800 -32.8889 0.2405
49.4000 -32.9023 0.2435
49.4200 -32.9156 0.2477
49.4400 -32.9290 0.2501
49.4600 -32.9423 0.2537
49.4800 -32.9556 0.2553
49.5000 -32.9690 0.2542
49.5200 -32.9823 0.2570
49.5400 -32.9956 0.2590
49.5600 -33.0089 0.2586
49.5800 -33.0222 0.2652
49.6000 -33.0356 0.2674
49.6200 -33.0489 0.2691
49.6400 -33.0622 0.2718
49.6600 -33.0755 0.2740
49.6800 -33.0889 0.2751
49.7000 -33.1023 0.2778
49.7200 -33.1156 0.2789
49.7400 -33.1289 0.2809
49.7600 -33.1422 0.2855
49.7800 -33.1556 0.2852
49.8000 -33.1690 0.2891
49.8200 -33.1823 0.2895
49.8400 -33.1956 0.2932
49.8600 -33.2090 0.2923
49.8800 -33.2223 0.2975
49.9000 -33.2356 0.2947
49.9200 -33.2489 0.2984
49.9400 -33.2622 0.2987
49.9600 -33.2756 0.3032
49.9800 -33.2889 0.3020
50.0000 -33.3022 0.3028
50.0200 -33.3155 0.3035
50.0400 -33.3289 0.3044
50.0600 -33.3423 0.3070
50.0800 -33.3556 0.3108
50.1000 -33.3689 0.3077
50.1200 -33.3823 0.3113
50.1400 -33.3957 0.3108
50.1600 -33.4090 0.3110
50.1800 -33.4223 0.3123
50.2000 -33.4356 0.3118
50.2200 -33.4489 0.3125
50.2400 -33.4622 0.3149
50.2600 -33.4755 0.3121
50.2800 -33.4888 0.3147
50.3000 -33.5022 0.3136
50.3200 -33.5156 0.3156
50.3400 -33.5289 0.3149
50.3600 -33.5423 0.3184
50.3800 -33.5556 0.3185
50.4000 -33.5689 0.3160
50.4200 -33.5823 0.3193
50.4400 -33.5957 0.3199
50.4600 -33.6089 0.3184
50.4800 -33.6223 0.3192
50.5000 -33.6356 0.3213
50.5200 -33.6490 0.3212
50.5400 -33.6623 0.3236
50.5600 -33.6756 0.3227
50.5800 -33.6889 0.3221
50.6000 -33.7023 0.3253
50.6200 -33.7156 0.3283
50.6400 -33.7289 0.3269
50.6600 -33.7422 0.3315
50.6800 -33.7556 0.3335
50.7000 -33.7689 0.3339
50.7200 -33.7822 0.3370
50.7400 -33.7956 0.3390
50.7600 -33.8089 0.3411
50.7800 -33.8223 0.3432
50.8000 -33.8356 0.3436
50.8200 -33.8489 0.3439
50.8400 -33.8623 0.3450
50.8600 -33.8756 0.3483
50.8800 -33.8890 0.3499
50.9000 -33.9023 0.3544
50.9200 -33.9156 0.3559
50.9400 -33.9289 0.3568
50.9600 -33.9423 0.3595
50.9800 -33.9556 0.3630
51.0000 -33.9688 0.3614
51.0200 -33.9821 0.3672
51.0400 -33.9955 0.3690
51.0600 -34.0089 0.3696
51.0800 -34.0222 0.3720
51.1000 -34.0356 0.3747
51.1200 -34.0489 0.3746
51.1400 -34.0623 0.3768
51.1600 -34.0756 0.3815
51.1800 -34.0889 0.3795
51.2000 -34.1023 0.3848
51.2200 -34.1156 0.3867
51.2400 -34.1290 0.3882
51.2600 -34.1423 0.3898
51.2800 -34.1556 0.3930
51.3000 -34.1689 0.3908
51.3200 -34.1822 0.3959
51.3400 -34.1956 0.3967
51.3600 -34.2089 0.3988
51.3800 -34.2222 0.4002
51.4000 -34.2356 0.4021
51.4200 -34.2489 0.4041
51.4400 -34.2623 0.4037
51.4600 -34.2756 0.4089
51.4800 -34.2889 0.4061
51.5000 -34.3023 0.4120
51.5200 -34.3157 0.4130
51.5400 -34.3290 0.4161
51.5600 -34.3423 0.4167
51.5800 -34.3556 0.4193
51.6000 -34.3690 0.4176
51.6200 -34.3823 0.4235
51.6400 -34.3956 0.4235
51.6600 -34.4089 0.4256
51.6800 -34.4223 0.4273
51.7000 -34.4356 0.4303
51.7200 -34.4488 0.4309
51.7400 -34.4622 0.4330
51.7600 -34.4755 0.4354
51.7800 -34.4889 0.4350
51.8000 -34.5022 0.4401
51.8200 -34.5156 0.4411
51.8400 -34.5289 0.4422
51.8600 -34.5423 0.4457
51.8800 -34.5557 0.4459
51.9000 -34.5690 0.4462
51.9200 -34.5823 0.4475
51.9400 -34.5956 0.4513
51.9600 -34.6090 0.4490
51.9800 -34.6223 0.4499
52.0000 -34.6356 0.4522
52.0200 -34.6489 0.4522
52.0400 -34.6622 0.4550
52.0600 -34.6756 0.4566
52.0800 -34.6889 0.4546
52.1000 -34.7022 0.4579
52.1200 -34.7155 0.4605
52.1400 -34.7289 0.4591
52.1600 -34.7422 0.4614
52.1800 -34.7555 0.4614
52.2000 -34.7689 0.4622
52.2200 -34.7823 0.4623
52.2400 -34.7957 0.4669
52.2600 -34.8090 0.4628
52.2800 -34.8223 0.4682
52.3000 -34.8356 0.4681
52.3200 -34.8490 0.4682
52.3400 -34.8623 0.4697
52.3600 -34.8756 0.4745
52.3800 -34.8889 0.4725
52.4000 -34.9022 0.4777
52.4200 -34.9156 0.4773
52.4400 -34.9289 0.4790
52.4600 -34.9422 0.4776
52.4800 -34.9555 0.4818
52.5000 -34.9689 0.4787
52.5200 -34.9823 0.4821
52.5400 -34.9956 0.4849
52.5600 -35.0089 0.4863
52.5800 -35.0223 0.4892
52.6000 -35.0356 0.4899
52.6200 -35.0489 0.4888
52.6400 -35.0622 0.4927
52.6600 -35.0756 0.4949
52.6800 -35.0889 0.4952
52.7000 -35.1023 0.4981
52.7200 -35.1156 0.5005
52.7400 -35.1289 0.4992
52.7600 -35.1423 0.5017
52.7800 -35.1556 0.5058
52.8000 -35.1689 0.5038
52.8200 -35.1822 0.5050
52.8400 -35.1955 0.5084
52.8600 -35.2089 0.5079
52.8800 -35.2222 0.5094
52.9000 -35.2355 0.5104
52.9200 -35.2489 0.5101
52.9400 -35.2623 0.5130
52.9600 -35.2757 0.5141
52.9800 -35.2890 0.5127
53.0000 -35.3023 0.5133
53.0200 -35.3156 0.5175
53.0400 -35.3290 0.5173
53.0600 -35.3423 0.5198
53.0800 -35.3556 0.5216
53.1000 -35.3690 0.5208
53.1200 -35.3823 0.5229
53.1400 -35.3956 0.5269
53.1600 -35.4089 0.5229
53.1800 -35.4222 0.5259
53.2000 -35.4355 0.5288
53.2200 -35.4489 0.5293
53.2400 -35.4623 0.5330
53.2600 -35.4756 0.5374
53.2800 -35.4889 0.5368
53.3000 -35.5023 0.5390
53.3200 -35.5156 0.5416
53.3400 -35.5289 0.5422
53.3600 -35.5423 0.5447
53.3800 -35.5556 0.5505
53.4000 -35.5690 0.5498
53.4200 -35.5823 0.5552
53.4400 -35.5956 0.5567
53.4600 -35.6089 0.5574
53.4800 -35.6223 0.5591
53.5000 -35.6356 0.5634
53.5200 -35.6489 0.5642
53.5400 -35.6622 0.5671
53.5600 -35.6755 0.5720
53.5800 -35.6889 0.5726
53.6000 -35.7023 0.5754
53.6200 -35.7156 0.5781
53.6400 -35.7289 0.5814
53.6600 -35.7422 0.5825
53.6800 -35.7556 0.5892
53.7000 -35.7689 0.5871
53.7200 -35.7822 0.5906
53.7400 -35.7956 0.5910
53.7600 -35.8089 0.5927
53.7800 -35.8223 0.5954
53.8000 -35.8356 0.5996
53.8200 -35.8489 0.6011
53.8400 -35.8623 0.6043
53.8600 -35.8756 0.6081
53.8800 -35.8889 0.6073
53.9000 -35.9022 0.6108
53.9200 -35.9156 0.6137
53.9400 -35.9289 0.6135
53.9600 -35.9422 0.6176
53.9800 -35.9556 0.6201
54.0000 -35.9689 0.6198
54.0200 -35.9823 0.6228
54.0400 -35.9957 0.6243
54.0600 -36.0090 0.6250
54.0800 -36.0223 0.6259
54.1000 -36.0356 0.6303
54.1200 -36.0489 0.6312
54.1400 -36.0623 0.6328
54.1600 -36.0756 0.6343
54.1800 -36.0889 0.6350
54.2000 -36.1023 0.6348
54.2200 -36.1156 0.6389
54.2400 -36.1289 0.6382
54.2600 -36.1422 0.6416
54.2800 -36.1555 0.6432
54.3000 -36.1689 0.6466
54.3200 -36.1823 0.6464
54.3400 -36.1956 0.6503
54.3600 -36.2089 0.6493
54.3800 -36.2223 0.6519
54.4000 -36.2356 0.6546
54.4200 -36.2490 0.6550
54.4400 -36.2623 0.6558
54.4600 -36.2756 0.6601
54.4800 -36.2889 0.6595
54.5000 -36.3023 0.6632
54.5200 -36.3156 0.6657
54.5400 -36.3289 0.6657
54.5600 -36.3422 0.6669
54.5800 -36.3556 0.6687
54.6000 -36.3689 0.6698
54.6200 -36.3822 0.6701
54.6400 -36.3956 0.6722
54.6600 -36.4089 0.6719
54.6800 -36.4223 0.6757
54.7000 -36.4356 0.6787
54.7200 -36.4489 0.6794
54.7400 -36.4623 0.6799
54.7600 -36.4756 0.6854
54.7800 -36.4890 0.6849
54.8000 -36.5023 0.6848
54.8200 -36.5156 0.6892
54.8400 -36.5289 0.6908
54.8600 -36.5423 0.6920
54.8800 -36.5556 0.6949
54.9000 -36.5689 0.6937
54.9200 -36.5823 0.6954
54.9400 -36.5956 0.7004
54.9600 -36.6089 0.7015
54.9800 -36.6222 0.7054
55.0000 -36.6355 0.7085
55.0200 -36.6489 0.7067
55.0400 -36.6622 0.7084
55.0600 -36.6755 0.7112
55.0800 -36.6889 0.7134
55.1000 -36.7022 0.7140
55.1200 -36.7156 0.7197
55.1400 -36.7290 0.7205
55.1600 -36.7423 0.7217
55.1800 -36.7556 0.7249
55.2000 -36.7690 0.7270
55.2200 -36.7823 0.7279
55.2400 -36.7956 0.7325
55.2600 -36.8089 0.7309
55.2800 -36.8222 0.7316
55.3000 -36.8356 0.7362
55.3200 -36.8489 0.7379
55.3400 -36.8622 0.7411
55.3600 -36.8755 0.7423
55.3800 -36.8889 0.7427
55.4000 -36.9023 0.7445
55.4200 -36.9156 0.7500
55.4400 -36.9289 0.7508
55.4600 -36.9423 0.7506
55.4800 -36.9556 0.7542
55.5000 -36.9690 0.7546
55.5200 -36.9823 0.7549
55.5400 -36.9956 0.7585
55.5600 -37.0089 0.7600
55.5800 -37.0223 0.7607
55.6000 -37.0356 0.7633
55.6200 -37.0489 0.7659
55.6400 -37.0623 0.7663
55.6600 -37.0756 0.7713
55.6800 -37.0889 0.7711
55.7000 -37.1022 0.7702
55.7200 -37.1155 0.7735
55.7400 -37.1289 0.7759
55.7600 -37.1422 0.7750
55.7800 -37.1556 0.7785
55.8000 -37.1689 0.7780
55.8200 -37.1823 0.7794
55.8400 -37.1956 0.7812
55.8600 -37.2090 0.7821
55.8800 -37.2223 0.7817
55.9000 -37.2356 0.7844
55.9200 -37.2490 0.7861
55.9400 -37.2623 0.7878
55.9600 -37.2757 0.7901
55.9800 -37.2889 0.7902
56.0000 -37.3023 0.7901
56.0200 -37.3156 0.7934
56.0400 -37.3289 0.7937
56.0600 -37.3422 0.7937
56.0800 -37.3555 0.7963
56.1000 -37.3689 0.7985
56.1200 -37.3822 0.8011
56.1400 -37.3956 0.8033
56.1600 -37.4089 0.8045
56.1800 -37.4222 0.8066
56.2000 -37.4356 0.8102
56.2200 -37.4490 0.8119
56.2400 -37.4623 0.8120
56.2600 -37.4756 0.8149
56.2800 -37.4890 0.8175
56.3000 -37.5023 0.8168
56.3200 -37.5157 0.8225
56.3400 -37.5289 0.8212
56.3600 -37.5423 0.8236
56.3800 -37.5556 0.8266
56.4000 -37.5689 0.8278
56.4200 -37.5822 0.8287
56.4400 -37.5955 0.8333
56.4600 -37.6089 0.8337
56.4800 -37.6223 0.8354
56.5000 -37.6356 0.8380
56.5200 -37.6489 0.8407
56.5400 -37.6622 0.8399
56.5600 -37.6756 0.8453
56.5800 -37.6889 0.8463
56.6000 -37.7023 0.8474
56.6200 -37.7156 0.8503
56.6400 -37.7289 0.8543
56.6600 -37.7423 0.8555
56.6800 -37.7556 0.8584
56.7000 -37.7689 0.8598
56.7200 -37.7823 0.8613
56.7400 -37.7956 0.8645
56.7600 -37.8090 0.8669
56.7800 -37.8222 0.8706
56.8000 -37.8355 0.7967
56.8200 -37.8489 0.6470
56.8400 -37.8622 0.5767
56.8600 -37.8756 0.5726
56.8800 -37.8889 0.5812
56.9000 -37.9022 0.5846
56.9200 -37.9156 0.5861
56.9400 -37.9290 0.5896
56.9600 -37.9423 0.5856
56.9800 -37.9556 0.5880
57.0000 -37.9689 0.5866
57.0200 -37.9823 0.5859
57.0400 -37.9957 0.5874
57.0600 -38.0090 0.5871
57.0800 -38.0223 0.5851
57.1000 -38.0356 0.5880
57.1200 -38.0490 0.5894
57.1400 -38.0622 0.5871
57.1600 -38.0755 0.5891
57.1800 -38.0889 0.5899
57.2000 -38.1022 0.5904
57.2200 -38.1156 0.5942
57.2400 -38.1289 0.5948
57.2600 -38.1422 0.5923
57.2800 -38.1556 0.5934
57.3000 -38.1690 0.5971
57.3200 -38.1823 0.5968
57.3400 -38.1956 0.5993
57.3600 -38.2090 0.6002
57.3800 -38.2223 0.6000
57.4000 -38.2357 0.6036
57.4200 -38.2489 0.6027
57.4400 -38.2622 0.6031
57.4600 -38.2755 0.6044
57.4800 -38.2889 0.6084
57.5000 -38.3022 0.6057
57.5200 -38.3155 0.6104
57.5400 -38.3289 0.6080
57.5600 -38.3422 0.6101
57.5800 -38.3556 0.6117
57.6000 -38.3689 0.6148
57.6200 -38.3822 0.6132
57.6400 -38.3956 0.6156
57.6600 -38.4090 0.6174
57.6800 -38.4223 0.6163
57.7000 -38.4356 0.6189
57.7200 -38.4489 0.6203
57.7400 -38.4623 0.6193
57.7600 -38.4756 0.6215
57.7800 -38.4889 0.6219
57.8000 -38.5023 0.6220
57.8200 -38.5156 0.6253
57.8400 -38.5289 0.6272
57.8600 -38.5422 0.6261
57.8800 -38.5555 0.6284
57.9000 -38.5689 0.6293
57.9200 -38.5822 0.6288
57.9400 -38.5956 0.6305
57.9600 -38.6089 0.6316
57.9800 -38.6222 0.6302
58.0000 -38.6356 0.6346
58.0200 -38.6490 0.6350
58.0400 -38.6623 0.6351
58.0600 -38.6756 0.6360
58.0800 -38.6889 0.6381
58.1000 -38.7023 0.6381
58.1200 -38.7156 0.6421
58.1400 -38.7289 0.6447
58.1600 -38.7423 0.6408
58.1800 -38.7556 0.6436
58.2000 -38.7689 0.6480
58.2200 -38.7822 0.6469
58.2400 -38.7955 0.6465
58.2600 -38.8089 0.6490
58.2800 -38.8222 0.6479
58.3000 -38.8356 0.6516
58.3200 -38.8489 0.6513
58.3400 -38.8622 0.6530
58.3600 -38.8756 0.6536
58.3800 -38.8890 0.6584
58.4000 -38.9023 0.6552
58.4200 -38.9156 0.6587
58.4400 -38.9289 0.6588
58.4600 -38.9423 0.6576
58.4800 -38.9556 0.6597
58.5000 -38.9689 0.6625
58.5200 -38.9822 0.6621
58.5400 -38.9956 0.6641
58.5600 -39.0089 0.6640
58.5800 -39.0222 0.6623
58.6000 -39.0355 0.6638
58.6200 -39.0489 0.6670
58.6400 -39.0622 0.6671
58.6600 -39.0756 0.6683
58.6800 -39.0889 0.6694
58.7000 -39.1023 0.6686
58.7200 -39.1156 0.6706
58.7400 -39.1290 0.6741
58.7600 -39.1423 0.6733
58.7800 -39.1556 0.6731
58.8000 -39.1689 0.6743
58.8200 -39.1823 0.6749
58.8400 -39.1956 0.6759
58.8600 -39.2090 0.6773
58.8800 -39.2223 0.6781
58.9000 -39.2356 0.6781
58.9200 -39.2489 0.6799
58.9400 -39.2622 0.6788
58.9600 -39.2755 0.6815
58.9800 -39.2888 0.6849
59.0000 -39.3022 0.6836
59.0200 -39.3156 0.6845
59.0400 -39.3289 0.6885
59.0600 -39.3422 0.6869
59.0800 -39.3556 0.6900
59.1000 -39.3690 0.6928
59.1200 -39.3823 0.6909
59.1400 -39.3956 0.6930
59.1600 -39.4089 0.6955
59.1800 -39.4223 0.6952
59.2000 -39.4356 0.6955
59.2200 -39.4490 0.6988
59.2400 -39.4623 0.6981
59.2600 -39.4756 0.7007
59.2800 -39.4889 0.7034
59.3000 -39.5022 0.7030
59.3200 -39.5155 0.7057
59.3400 -39.5288 0.7074
59.3600 -39.5422 0.7073
59.3800 -39.5555 0.7085
59.4000 -39.5689 0.7103
59.4200 -39.5822 0.7074
59.4400 -39.5956 0.7069
59.4600 -39.6090 0.7065
59.4800 -39.6223 0.7005
59.5000 -39.6356 0.7009
59.5200 -39.6490 0.7020
59.5400 -39.6623 0.6969
59.5600 -39.6757 0.6957
59.5800 -39.6890 0.6945
59.6000 -39.7023 0.6940
59.6200 -39.7156 0.6989
59.6400 -39.7289 0.7033
59.6600 -39.7422 0.7033
59.6800 -39.7555 0.7010
59.7000 -39.7688 0.7001
59.7200 -39.7822 0.6976
59.7400 -39.7956 0.7011
59.7600 -39.8089 0.7040
59.7800 -39.8223 0.7046
59.8000 -39.8356 0.7049
59.8200 -39.8490 0.7099
59.8400 -39.8623 0.7097
59.8600 -39.8756 0.7099
59.8800 -39.8889 0.7085
59.9000 -39.9023 0.7022
59.9200 -39.9156 0.7019
59.9400 -39.9290 0.6874
59.9600 -39.9423 0.6433
59.9800 -39.9556 0.5886
60.0000 -39.9689 0.5348
60.0200 -39.9823 0.4801
60.0400 -39.9955 0.4316
60.0470 -40.0001 0.4163
