Raw Data
Time Displacement Force
(s) (mm) (N)
0.0000 0.0000 0.4543
0.0200 -0.0001 0.4502
0.0400 -0.0019 0.4282
0.0600 -0.0092 0.3897
0.0800 -0.0209 0.3439
0.1000 -0.0335 0.2852
0.1200 -0.0462 0.2263
0.1400 -0.0595 0.1638
0.1600 -0.0735 0.1021
0.1800 -0.0877 0.0383
0.2000 -0.1016 -0.0283
0.2200 -0.1151 -0.0933
0.2400 -0.1285 -0.1605
0.2600 -0.1418 -0.2205
0.2800 -0.1552 -0.2850
0.3000 -0.1686 -0.3215
0.3200 -0.1819 -0.3749
0.3400 -0.1953 -0.4243
0.3600 -0.2087 -0.4795
0.3800 -0.2220 -0.5207
0.4000 -0.2353 -0.5616
0.4200 -0.2486 -0.6031
0.4400 -0.2619 -0.6559
0.4600 -0.2752 -0.7060
0.4800 -0.2885 -0.7580
0.5000 -0.3018 -0.8022
0.5200 -0.3152 -0.8596
0.5400 -0.3285 -0.9264
0.5600 -0.3419 -0.9761
0.5800 -0.3553 -0.9903
0.6000 -0.3686 -0.9916
0.6200 -0.3820 -0.9874
0.6400 -0.3954 -0.9846
0.6600 -0.4087 -0.9837
0.6800 -0.4220 -0.9834
0.7000 -0.4353 -0.9805
0.7200 -0.4486 -0.9815
0.7400 -0.4620 -0.9774
0.7600 -0.4753 -0.9763
0.7800 -0.4886 -0.9761
0.8000 -0.5019 -0.9746
0.8200 -0.5153 -0.9743
0.8400 -0.5286 -0.9731
0.8600 -0.5419 -0.9705
0.8800 -0.5552 -0.9695
0.9000 -0.5686 -0.9680
0.9200 -0.5819 -0.9670
0.9400 -0.5952 -0.9663
0.9600 -0.6085 -0.9660
0.9800 -0.6218 -0.9628
1.0000 -0.6352 -0.9620
1.0200 -0.6486 -0.9609
1.0400 -0.6619 -0.9571
1.0600 -0.6752 -0.9548
1.0800 -0.6886 -0.9534
1.1000 -0.7020 -0.9502
1.1200 -0.7153 -0.9498
1.1400 -0.7286 -0.9498
1.1600 -0.7419 -0.9464
1.1800 -0.7553 -0.9455
1.2000 -0.7686 -0.9433
1.2200 -0.7819 -0.9407
1.2400 -0.7952 -0.9374
1.2600 -0.8085 -0.9368
1.2800 -0.8219 -0.9342
1.3000 -0.8353 -0.9334
1.3200 -0.8486 -0.9313
1.3400 -0.8619 -0.9302
1.3600 -0.8753 -0.9293
1.3800 -0.8887 -0.9260
1.4000 -0.9020 -0.9258
1.4200 -0.9153 -0.9226
1.4400 -0.9286 -0.9227
1.4600 -0.9420 -0.9184
1.4800 -0.9553 -0.9186
1.5000 -0.9686 -0.9167
1.5200 -0.9819 -0.9152
1.5400 -0.9953 -0.9126
1.5600 -1.0086 -0.9115
1.5800 -1.0219 -0.9105
1.6000 -1.0352 -0.9089
1.6200 -1.0485 -0.9076
1.6400 -1.0619 -0.9051
1.6600 -1.0752 -0.9056
1.6800 -1.0886 -0.9026
1.7000 -1.1020 -0.9015
1.7200 -1.1153 -0.8959
1.7400 -1.1287 -0.8967
1.7600 -1.1420 -0.8924
1.7800 -1.1553 -0.8909
1.8000 -1.1686 -0.8900
1.8200 -1.1820 -0.8894
1.8400 -1.1953 -0.8863
1.8600 -1.2086 -0.8876
1.8800 -1.2219 -0.8815
1.9000 -1.2353 -0.8803
1.9200 -1.2486 -0.8778
1.9400 -1.2618 -0.8755
1.9600 -1.2751 -0.8728
1.9800 -1.2885 -0.8739
2.0000 -1.3019 -0.8712
2.0200 -1.3153 -0.8721
2.0400 -1.3286 -0.8689
2.0600 -1.3419 -0.8674
2.0800 -1.3553 -0.8624
2.1000 -1.3687 -0.8640
2.1200 -1.3820 -0.8583
2.1400 -1.3953 -0.8574
2.1600 -1.4086 -0.8582
2.1800 -1.4220 -0.8567
2.2000 -1.4353 -0.8556
2.2200 -1.4486 -0.8534
2.2400 -1.4619 -0.8517
2.2600 -1.4752 -0.8490
2.2800 -1.4886 -0.8501
2.3000 -1.5018 -0.8476
2.3200 -1.5152 -0.8468
2.3400 -1.5285 -0.8439
2.3600 -1.5419 -0.8416
2.3800 -1.5552 -0.8395
2.4000 -1.5686 -0.8406
2.4200 -1.5819 -0.8378
2.4400 -1.5953 -0.8378
2.4600 -1.6087 -0.8352
2.4800 -1.6220 -0.8334
2.5000 -1.6352 -0.8314
2.5200 -1.6486 -0.8292
2.5400 -1.6619 -0.8274
2.5600 -1.6753 -0.8261
2.5800 -1.6886 -0.8263
2.6000 -1.7019 -0.8242
2.6200 -1.7152 -0.8201
2.6400 -1.7286 -0.8203
2.6600 -1.7419 -0.8165
2.6800 -1.7552 -0.8184
2.7000 -1.7686 -0.8146
2.7200 -1.7820 -0.8135
2.7400 -1.7953 -0.8104
2.7600 -1.8086 -0.8113
2.7800 -1.8219 -0.8076
2.8000 -1.8353 -0.8080
2.8200 -1.8486 -0.8064
2.8400 -1.8619 -0.8066
2.8600 -1.8752 -0.8030
2.8800 -1.8885 -0.8048
2.9000 -1.9019 -0.8014
2.9200 -1.9153 -0.7997
2.9400 -1.9286 -0.7994
2.9600 -1.9419 -0.7982
2.9800 -1.9553 -0.7958
3.0000 -1.9686 -0.7952
3.0200 -1.9819 -0.7943
3.0400 -1.9952 -0.7914
3.0600 -2.0086 -0.7933
3.0800 -2.0219 -0.7899
3.1000 -2.0353 -0.7877
3.1200 -2.0486 -0.7880
3.1400 -2.0619 -0.7855
3.1600 -2.0753 -0.7820
3.1800 -2.0887 -0.7820
3.2000 -2.1020 -0.7775
3.2200 -2.1153 -0.7790
3.2400 -2.1286 -0.7773
3.2600 -2.1420 -0.7760
3.2800 -2.1553 -0.7728
3.3000 -2.1686 -0.7740
3.3200 -2.1819 -0.7719
3.3400 -2.1953 -0.7701
3.3600 -2.2086 -0.7685
3.3800 -2.2219 -0.7676
3.4000 -2.2352 -0.7626
3.4200 -2.2485 -0.7627
3.4400 -2.2619 -0.7618
3.4600 -2.2753 -0.7580
3.4800 -2.2886 -0.7607
3.5000 -2.3019 -0.7573
3.5200 -2.3153 -0.7567
3.5400 -2.3286 -0.7544
3.5600 -2.3419 -0.7540
3.5800 -2.3553 -0.7508
3.6000 -2.3686 -0.7533
3.6200 -2.3820 -0.7507
3.6400 -2.3953 -0.7504
3.6600 -2.4086 -0.7486
3.6800 -2.4219 -0.7459
3.7000 -2.4353 -0.7434
3.7200 -2.4486 -0.7453
3.7400 -2.4619 -0.7418
3.7600 -2.4752 -0.7415
3.7800 -2.4885 -0.7412
3.8000 -2.5019 -0.7384
3.8200 -2.5153 -0.7365
3.8400 -2.5286 -0.7367
3.8600 -2.5419 -0.7357
3.8800 -2.5552 -0.7328
3.9000 -2.5686 -0.7320
3.9200 -2.5820 -0.7310
3.9400 -2.5953 -0.7275
3.9600 -2.6086 -0.7261
3.9800 -2.6219 -0.7248
4.0000 -2.6353 -0.7217
4.0200 -2.6486 -0.7224
4.0400 -2.6619 -0.7192
4.0600 -2.6753 -0.7177
4.0800 -2.6886 -0.7176
4.1000 -2.7019 -0.7203
4.1200 -2.7152 -0.7173
4.1400 -2.7285 -0.7166
4.1600 -2.7419 -0.7121
4.1800 -2.7553 -0.7104
4.2000 -2.7686 -0.7105
4.2200 -2.7819 -0.7113
4.2400 -2.7953 -0.7059
4.2600 -2.8087 -0.7075
4.2800 -2.8220 -0.7048
4.3000 -2.8353 -0.7015
4.3200 -2.8486 -0.7012
4.3400 -2.8619 -0.6998
4.3600 -2.8753 -0.6975
4.3800 -2.8886 -0.6996
4.4000 -2.9019 -0.6984
4.4200 -2.9153 -0.6970
4.4400 -2.9286 -0.6963
4.4600 -2.9419 -0.6963
4.4800 -2.9552 -0.6914
4.5000 -2.9686 -0.6914
4.5200 -2.9819 -0.6884
4.5400 -2.9953 -0.6866
4.5600 -3.0086 -0.6874
4.5800 -3.0219 -0.6876
4.6000 -3.0353 -0.6842
4.6200 -3.0487 -0.6821
4.6400 -3.0620 -0.6815
4.6600 -3.0753 -0.6775
4.6800 -3.0886 -0.6786
4.7000 -3.1019 -0.6783
4.7200 -3.1153 -0.6756
4.7400 -3.1286 -0.6766
4.7600 -3.1419 -0.6747
4.7800 -3.1553 -0.6711
4.8000 -3.1686 -0.6741
4.8200 -3.1819 -0.6714
4.8400 -3.1952 -0.6709
4.8600 -3.2086 -0.6692
4.8800 -3.2219 -0.6699
4.9000 -3.2353 -0.6633
4.9200 -3.2486 -0.6650
4.9400 -3.2619 -0.6664
4.9600 -3.2752 -0.6633
4.9800 -3.2886 -0.6617
5.0000 -3.3020 -0.6623
5.0200 -3.3153 -0.6574
5.0400 -3.3286 -0.6581
5.0600 -3.3419 -0.6586
5.0800 -3.3553 -0.6532
5.1000 -3.3686 -0.6536
5.1200 -3.3820 -0.6511
5.1400 -3.3953 -0.6488
5.1600 -3.4086 -0.6505
5.1800 -3.4219 -0.6492
5.2000 -3.4352 -0.6471
5.2200 -3.4485 -0.6483
5.2400 -3.4619 -0.6455
5.2600 -3.4752 -0.6418
5.2800 -3.4885 -0.6437
5.3000 -3.5018 -0.6422
5.3200 -3.5152 -0.6388
5.3400 -3.5286 -0.6396
5.3600 -3.5420 -0.6378
5.3800 -3.5553 -0.6352
5.4000 -3.5686 -0.6357
5.4200 -3.5820 -0.6345
5.4400 -3.5953 -0.6339
5.4600 -3.6086 -0.6330
5.4800 -3.6219 -0.6314
5.5000 -3.6353 -0.6271
5.5200 -3.6486 -0.6285
5.5400 -3.6619 -0.6278
5.5600 -3.6752 -0.6260
5.5800 -3.6885 -0.6260
5.6000 -3.7019 -0.6238
5.6200 -3.7153 -0.6205
5.6400 -3.7286 -0.6214
5.6600 -3.7419 -0.6199
5.6800 -3.7553 -0.6201
5.7000 -3.7687 -0.6175
5.7200 -3.7820 -0.6182
5.7400 -3.7953 -0.6135
5.7600 -3.8086 -0.6140
5.7800 -3.8220 -0.6141
5.8000 -3.8353 -0.6119
5.8200 -3.8486 -0.6099
5.8400 -3.8619 -0.6110
5.8600 -3.8752 -0.6069
5.8800 -3.8886 -0.6082
5.9000 -3.9019 -0.6072
5.9200 -3.9152 -0.6042
5.9400 -3.9285 -0.6056
5.9600 -3.9419 -0.6047
5.9800 -3.9552 -0.6017
6.0000 -3.9686 -0.6018
6.0200 -3.9819 -0.6004
6.0400 -3.9953 -0.5978
6.0600 -4.0086 -0.5992
6.0800 -4.0220 -0.5999
6.1000 -4.0353 -0.5977
6.1200 -4.0486 -0.5978
6.1400 -4.0620 -0.5981
6.1600 -4.0753 -0.5937
6.1800 -4.0886 -0.5938
6.2000 -4.1019 -0.5926
6.2200 -4.1153 -0.5908
6.2400 -4.1286 -0.5898
6.2600 -4.1419 -0.5903
6.2800 -4.1552 -0.5869
6.3000 -4.1685 -0.5870
6.3200 -4.1818 -0.5861
6.3400 -4.1952 -0.5833
6.3600 -4.2086 -0.5816
6.3800 -4.2219 -0.5828
6.4000 -4.2352 -0.5783
6.4200 -4.2486 -0.5788
6.4400 -4.2620 -0.5762
6.4600 -4.2753 -0.5771
6.4800 -4.2886 -0.5750
6.5000 -4.3020 -0.5755
6.5200 -4.3153 -0.5713
6.5400 -4.3286 -0.5718
6.5600 -4.3419 -0.5702
6.5800 -4.3553 -0.5677
6.6000 -4.3686 -0.5669
6.6200 -4.3819 -0.5690
6.6400 -4.3952 -0.5671
6.6600 -4.4085 -0.5658
6.6800 -4.4219 -0.5666
6.7000 -4.4353 -0.5642
6.7200 -4.4486 -0.5623
6.7400 -4.4619 -0.5600
6.7600 -4.4752 -0.5587
6.7800 -4.4886 -0.5588
6.8000 -4.5020 -0.5594
6.8200 -4.5153 -0.5542
6.8400 -4.5286 -0.5557
6.8600 -4.5420 -0.5558
6.8800 -4.5553 -0.5526
6.9000 -4.5687 -0.5522
6.9200 -4.5820 -0.5533
6.9400 -4.5953 -0.5484
6.9600 -4.6086 -0.5509
6.9800 -4.6220 -0.5486
7.0000 -4.6352 -0.5486
7.0200 -4.6485 -0.5481
7.0400 -4.6619 -0.5457
7.0600 -4.6752 -0.5437
7.0800 -4.6886 -0.5439
7.1000 -4.7019 -0.5457
7.1200 -4.7152 -0.5423
7.1400 -4.7286 -0.5406
7.1600 -4.7420 -0.5412
7.1800 -4.7553 -0.5397
7.2000 -4.7686 -0.5386
7.2200 -4.7820 -0.5393
7.2400 -4.7953 -0.5369
7.2600 -4.8087 -0.5366
7.2800 -4.8220 -0.5366
7.3000 -4.8353 -0.5345
7.3200 -4.8486 -0.5338
7.3400 -4.8619 -0.5310
7.3600 -4.8752 -0.5297
7.3800 -4.8885 -0.5285
7.4000 -4.9019 -0.5313
7.4200 -4.9152 -0.5266
7.4400 -4.9286 -0.5263
7.4600 -4.9419 -0.5272
7.4800 -4.9552 -0.5250
7.5000 -4.9686 -0.5229
7.5200 -4.9820 -0.5214
7.5400 -4.9953 -0.5200
7.5600 -5.0086 -0.5188
7.5800 -5.0220 -0.5209
7.6000 -5.0353 -0.5179
7.6200 -5.0486 -0.5163
7.6400 -5.0619 -0.5161
7.6600 -5.0752 -0.5143
7.6800 -5.0885 -0.5124
7.7000 -5.1019 -0.5125
7.7200 -5.1152 -0.5084
7.7400 -5.1285 -0.5073
7.7600 -5.1418 -0.5097
7.7800 -5.1552 -0.5052
7.8000 -5.1686 -0.5051
7.8200 -5.1819 -0.5050
7.8400 -5.1953 -0.5045
7.8600 -5.2086 -0.5023
7.8800 -5.2220 -0.5031
7.9000 -5.2353 -0.4975
7.9200 -5.2486 -0.4988
7.9400 -5.2619 -0.4983
7.9600 -5.2753 -0.4967
7.9800 -5.2887 -0.4939
8.0000 -5.3020 -0.4991
8.0200 -5.3153 -0.4946
8.0400 -5.3286 -0.4933
8.0600 -5.3419 -0.4904
8.0800 -5.3552 -0.4900
8.1000 -5.3686 -0.4869
8.1200 -5.3819 -0.4890
8.1400 -5.3953 -0.4862
8.1600 -5.4086 -0.4853
8.1800 -5.4219 -0.4855
8.2000 -5.4353 -0.4834
8.2200 -5.4486 -0.4807
8.2400 -5.4620 -0.4818
8.2600 -5.4753 -0.4807
8.2800 -5.4886 -0.4794
8.3000 -5.5019 -0.4811
8.3200 -5.5153 -0.4777
8.3400 -5.5286 -0.4766
8.3600 -5.5419 -0.4767
8.3800 -5.5552 -0.4774
8.4000 -5.5686 -0.4745
8.4200 -5.5819 -0.4769
8.4400 -5.5952 -0.4734
8.4600 -5.6085 -0.4743
8.4800 -5.6219 -0.4743
8.5000 -5.6352 -0.4736
8.5200 -5.6486 -0.4698
8.5400 -5.6619 -0.4728
8.5600 -5.6753 -0.4685
8.5800 -5.6886 -0.4701
8.6000 -5.7020 -0.4700
8.6200 -5.7153 -0.4696
8.6400 -5.7286 -0.4639
8.6600 -5.7419 -0.4655
8.6800 -5.7553 -0.4654
8.7000 -5.7686 -0.4656
8.7200 -5.7819 -0.4651
8.7400 -5.7952 -0.4625
8.7600 -5.8086 -0.4566
8.7800 -5.8219 -0.4604
8.8000 -5.8352 -0.4551
8.8200 -5.8485 -0.4560
8.8400 -5.8619 -0.4571
8.8600 -5.8752 -0.4560
8.8800 -5.8886 -0.4531
8.9000 -5.9019 -0.4551
8.9200 -5.9153 -0.4509
8.9400 -5.9286 -0.4503
8.9600 -5.9420 -0.4514
8.9800 -5.9553 -0.4484
9.0000 -5.9686 -0.4486
9.0200 -5.9819 -0.4494
9.0400 -5.9953 -0.4462
9.0600 -6.0087 -0.4450
9.0800 -6.0220 -0.4482
9.1000 -6.0353 -0.4444
9.1200 -6.0486 -0.4436
9.1400 -6.0619 -0.4445
9.1600 -6.0752 -0.4422
9.1800 -6.0885 -0.4397
9.2000 -6.1018 -0.4422
9.2200 -6.1152 -0.4399
9.2400 -6.1286 -0.4370
9.2600 -6.1419 -0.4369
9.2800 -6.1552 -0.4375
9.3000 -6.1686 -0.4348
9.3200 -6.1820 -0.4386
9.3400 -6.1953 -0.4337
9.3600 -6.2086 -0.4301
9.3800 -6.2220 -0.4313
9.4000 -6.2353 -0.4310
9.4200 -6.2487 -0.4272
9.4400 -6.2620 -0.4300
9.4600 -6.2752 -0.4267
9.4800 -6.2886 -0.4260
9.5000 -6.3019 -0.4260
9.5200 -6.3152 -0.4233
9.5400 -6.3285 -0.4206
9.5600 -6.3419 -0.4220
9.5800 -6.3552 -0.4227
9.6000 -6.3686 -0.4177
9.6200 -6.3819 -0.4189
9.6400 -6.3952 -0.4171
9.6600 -6.4086 -0.4177
9.6800 -6.4220 -0.4169
9.7000 -6.4353 -0.4158
9.7200 -6.4486 -0.4125
9.7400 -6.4619 -0.4116
9.7600 -6.4753 -0.4112
9.7800 -6.4886 -0.4089
9.8000 -6.5019 -0.4107
9.8200 -6.5153 -0.4087
9.8400 -6.5286 -0.4072
9.8600 -6.5419 -0.4056
9.8800 -6.5553 -0.4062
9.9000 -6.5685 -0.4027
9.9200 -6.5819 -0.4040
9.9400 -6.5953 -0.4009
9.9600 -6.6086 -0.4004
9.9800 -6.6220 -0.4002
10.0000 -6.6353 -0.4006
10.0200 -6.6486 -0.3973
10.0400 -6.6620 -0.3983
10.0600 -6.6753 -0.3970
10.0800 -6.6886 -0.3950
10.1000 -6.7019 -0.3977
10.1200 -6.7152 -0.3988
10.1400 -6.7286 -0.3934
10.1600 -6.7419 -0.3957
10.1800 -6.7552 -0.3916
10.2000 -6.7686 -0.3898
10.2200 -6.7820 -0.3892
10.2400 -6.7953 -0.3893
10.2600 -6.8086 -0.3871
10.2800 -6.8219 -0.3891
10.3000 -6.8352 -0.3870
10.3200 -6.8486 -0.3836
10.3400 -6.8619 -0.3838
10.3600 -6.8752 -0.3840
10.3800 -6.8886 -0.3816
10.4000 -6.9020 -0.3837
10.4200 -6.9153 -0.3801
10.4400 -6.9286 -0.3792
10.4600 -6.9419 -0.3811
10.4800 -6.9553 -0.3806
10.5000 -6.9687 -0.3786
10.5200 -6.9820 -0.3774
10.5400 -6.9953 -0.3750
10.5600 -7.0086 -0.3729
10.5800 -7.0220 -0.3744
10.6000 -7.0353 -0.3720
10.6200 -7.0486 -0.3692
10.6400 -7.0619 -0.3707
10.6600 -7.0752 -0.3671
10.6800 -7.0886 -0.3649
10.7000 -7.1019 -0.3683
10.7200 -7.1152 -0.3671
10.7400 -7.1286 -0.3640
10.7600 -7.1420 -0.3633
10.7800 -7.1553 -0.3630
10.8000 -7.1686 -0.3600
10.8200 -7.1819 -0.3617
10.8400 -7.1953 -0.3586
10.8600 -7.2086 -0.3579
10.8800 -7.2220 -0.3584
10.9000 -7.2353 -0.3608
10.9200 -7.2486 -0.3548
10.9400 -7.2620 -0.3573
10.9600 -7.2753 -0.3547
10.9800 -7.2886 -0.3548
11.0000 -7.3019 -0.3545
11.0200 -7.3152 -0.3541
11.0400 -7.3286 -0.3523
11.0600 -7.3419 -0.3510
11.0800 -7.3552 -0.3513
11.1000 -7.3686 -0.3513
11.1200 -7.3819 -0.3512
11.1400 -7.3953 -0.3517
11.1600 -7.4086 -0.3507
11.1800 -7.4219 -0.3507
11.2000 -7.4353 -0.3495
11.2200 -7.4486 -0.3452
11.2400 -7.4620 -0.3454
11.2600 -7.4753 -0.3486
11.2800 -7.4886 -0.3475
11.3000 -7.5020 -0.3460
11.3200 -7.5153 -0.3460
11.3400 -7.5286 -0.3427
11.3600 -7.5419 -0.3429
11.3800 -7.5552 -0.3441
11.4000 -7.5686 -0.3413
11.4200 -7.5819 -0.3408
11.4400 -7.5953 -0.3408
11.4600 -7.6086 -0.3365
11.4800 -7.6220 -0.3375
11.5000 -7.6353 -0.3367
11.5200 -7.6486 -0.3344
11.5400 -7.6619 -0.3353
11.5600 -7.6752 -0.3346
11.5800 -7.6886 -0.3319
11.6000 -7.7019 -0.3317
11.6200 -7.7152 -0.3312
11.6400 -7.7286 -0.3280
11.6600 -7.7419 -0.3276
11.6800 -7.7553 -0.3260
11.7000 -7.7686 -0.3253
11.7200 -7.7819 -0.3255
11.7400 -7.7952 -0.3266
11.7600 -7.8086 -0.3222
11.7800 -7.8220 -0.3223
11.8000 -7.8353 -0.3209
11.8200 -7.8486 -0.3186
11.8400 -7.8620 -0.3188
11.8600 -7.8753 -0.3185
11.8800 -7.8886 -0.3159
11.9000 -7.9019 -0.3160
11.9200 -7.9153 -0.3156
11.9400 -7.9286 -0.3118
11.9600 -7.9419 -0.3113
11.9800 -7.9553 -0.3128
12.0000 -7.9686 -0.3084
12.0200 -7.9819 -0.3108
12.0400 -7.9953 -0.3074
12.0600 -8.0086 -0.3060
12.0800 -8.0219 -0.3066
12.1000 -8.0352 -0.3064
12.1200 -8.0486 -0.3061
12.1400 -8.0619 -0.3039
12.1600 -8.0752 -0.3037
12.1800 -8.0886 -0.2993
12.2000 -8.1019 -0.3000
12.2200 -8.1153 -0.2992
12.2400 -8.1286 -0.2980
12.2600 -8.1419 -0.2975
12.2800 -8.1553 -0.2985
12.3000 -8.1686 -0.2942
12.3200 -8.1820 -0.2958
12.3400 -8.1953 -0.2965
12.3600 -8.2086 -0.2941
12.3800 -8.2220 -0.2945
12.4000 -8.2353 -0.2943
12.4200 -8.2486 -0.2914
12.4400 -8.2619 -0.2923
12.4600 -8.2752 -0.2898
12.4800 -8.2885 -0.2883
12.5000 -8.3019 -0.2862
12.5200 -8.3152 -0.2891
12.5400 -8.3285 -0.2843
12.5600 -8.3419 -0.2864
12.5800 -8.3553 -0.2844
12.6000 -8.3686 -0.2845
12.6200 -8.3819 -0.2820
12.6400 -8.3953 -0.2845
12.6600 -8.4087 -0.2803
12.6800 -8.4220 -0.2807
12.7000 -8.4353 -0.2789
12.7200 -8.4486 -0.2773
12.7400 -8.4619 -0.2763
12.7600 -8.4752 -0.2770
12.7800 -8.4885 -0.2736
12.8000 -8.5018 -0.2729
12.8200 -8.5152 -0.2753
12.8400 -8.5286 -0.2709
12.8600 -8.5419 -0.2709
12.8800 -8.5552 -0.2710
12.9000 -8.5686 -0.2695
12.9200 -8.5819 -0.2688
12.9400 -8.5953 -0.2694
12.9600 -8.6087 -0.2678
12.9800 -8.6220 -0.2664
13.0000 -8.6353 -0.2658
13.0200 -8.6486 -0.2642
13.0400 -8.6620 -0.2645
13.0600 -8.6753 -0.2669
13.0800 -8.6886 -0.2648
13.1000 -8.7019 -0.2645
13.1200 -8.7153 -0.2623
13.1400 -8.7286 -0.2597
13.1600 -8.7419 -0.2597
13.1800 -8.7552 -0.2601
13.2000 -8.7686 -0.2587
13.2200 -8.7819 -0.2578
13.2400 -8.7952 -0.2564
13.2600 -8.8086 -0.2551
13.2800 -8.8219 -0.2545
13.3000 -8.8353 -0.2548
13.3200 -8.8486 -0.2515
13.3400 -8.8620 -0.2515
13.3600 -8.8753 -0.2510
13.3800 -8.8887 -0.2486
13.4000 -8.9020 -0.2470
13.4200 -8.9153 -0.2479
13.4400 -8.9286 -0.2485
13.4600 -8.9419 -0.2473
13.4800 -8.9553 -0.2465
13.5000 -8.9686 -0.2433
13.5200 -8.9818 -0.2436
13.5400 -8.9952 -0.2450
13.5600 -9.0085 -0.2417
13.5800 -9.0219 -0.2391
13.6000 -9.0352 -0.2404
13.6200 -9.0486 -0.2385
13.6400 -9.0619 -0.2403
13.6600 -9.0753 -0.2390
13.6800 -9.0886 -0.2356
13.7000 -9.1019 -0.2340
13.7200 -9.1152 -0.2356
13.7400 -9.1286 -0.2327
13.7600 -9.1420 -0.2300
13.7800 -9.1553 -0.2309
13.8000 -9.1686 -0.2285
13.8200 -9.1820 -0.2276
13.8400 -9.1953 -0.2294
13.8600 -9.2086 -0.2273
13.8800 -9.2219 -0.2257
13.9000 -9.2352 -0.2270
13.9200 -9.2486 -0.2238
13.9400 -9.2619 -0.2243
13.9600 -9.2752 -0.2235
13.9800 -9.2886 -0.2225
14.0000 -9.3019 -0.2224
14.0200 -9.3153 -0.2240
14.0400 -9.3286 -0.2222
14.0600 -9.3419 -0.2213
14.0800 -9.3553 -0.2218
14.1000 -9.3686 -0.2202
14.1200 -9.3820 -0.2179
14.1400 -9.3953 -0.2187
14.1600 -9.4086 -0.2158
14.1800 -9.4220 -0.2156
14.2000 -9.4353 -0.2165
14.2200 -9.4486 -0.2148
14.2400 -9.4619 -0.2116
14.2600 -9.4752 -0.2146
14.2800 -9.4886 -0.2135
14.3000 -9.5019 -0.2113
14.3200 -9.5152 -0.2093
14.3400 -9.5285 -0.2085
14.3600 -9.5419 -0.2068
14.3800 -9.5553 -0.2071
14.4000 -9.5686 -0.2037
14.4200 -9.5819 -0.2043
14.4400 -9.5953 -0.2062
14.4600 -9.6086 -0.2002
14.4800 -9.6220 -0.1988
14.5000 -9.6353 -0.1987
14.5200 -9.6486 -0.1980
14.5400 -9.6620 -0.1957
14.5600 -9.6753 -0.1971
14.5800 -9.6886 -0.1951
14.6000 -9.7019 -0.1947
14.6200 -9.7152 -0.1946
14.6400 -9.7285 -0.1956
14.6600 -9.7419 -0.1907
14.6800 -9.7552 -0.1916
14.7000 -9.7685 -0.1889
14.7200 -9.7819 -0.1897
14.7400 -9.7953 -0.1891
14.7600 -9.8087 -0.1890
14.7800 -9.8220 -0.1865
14.8000 -9.8353 -0.1866
14.8200 -9.8487 -0.1844
14.8400 -9.8620 -0.1842
14.8600 -9.8753 -0.1856
14.8800 -9.8886 -0.1838
14.9000 -9.9019 -0.1809
14.9200 -9.9152 -0.1834
14.9400 -9.9285 -0.1798
14.9600 -9.9418 -0.1800
14.9800 -9.9552 -0.1800
15.0000 -9.9685 -0.1757
15.0200 -9.9819 -0.1764
15.0400 -9.9953 -0.1786
15.0600 -10.0086 -0.1788
15.0800 -10.0219 -0.1762
15.1000 -10.0353 -0.1770
15.1200 -10.0487 -0.1736
15.1400 -10.0620 -0.1738
15.1600 -10.0753 -0.1744
15.1800 -10.0886 -0.1747
15.2000 -10.1020 -0.1708
15.2200 -10.1153 -0.1756
15.2400 -10.1286 -0.1715
15.2600 -10.1419 -0.1706
15.2800 -10.1553 -0.1691
15.3000 -10.1686 -0.1678
15.3200 -10.1819 -0.1654
15.3400 -10.1952 -0.1654
15.3600 -10.2086 -0.1653
15.3800 -10.2219 -0.1626
15.4000 -10.2353 -0.1631
15.4200 -10.2486 -0.1613
15.4400 -10.2619 -0.1595
15.4600 -10.2753 -0.1615
15.4800 -10.2887 -0.1585
15.5000 -10.3020 -0.1567
15.5200 -10.3153 -0.1581
15.5400 -10.3286 -0.1546
15.5600 -10.3420 -0.1518
15.5800 -10.3553 -0.1517
15.6000 -10.3686 -0.1524
15.6200 -10.3819 -0.1501
15.6400 -10.3953 -0.1520
15.6600 -10.4086 -0.1516
15.6800 -10.4219 -0.1490
15.7000 -10.4352 -0.1485
15.7200 -10.4485 -0.1483
15.7400 -10.4619 -0.1462
15.7600 -10.4753 -0.1478
15.7800 -10.4886 -0.1448
15.8000 -10.5019 -0.1426
15.8200 -10.5153 -0.1434
15.8400 -10.5286 -0.1430
15.8600 -10.5420 -0.1421
15.8800 -10.5553 -0.1398
15.9000 -10.5686 -0.1386
15.9200 -10.5820 -0.1380
15.9400 -10.5953 -0.1367
15.9600 -10.6086 -0.1363
15.9800 -10.6219 -0.1337
16.0000 -10.6353 -0.1349
16.0200 -10.6486 -0.1339
16.0400 -10.6619 -0.1331
16.0600 -10.6752 -0.1339
16.0800 -10.6886 -0.1313
16.1000 -10.7019 -0.1297
16.1200 -10.7153 -0.1307
16.1400 -10.7286 -0.1309
16.1600 -10.7419 -0.1302
16.1800 -10.7553 -0.1280
16.2000 -10.7687 -0.1280
16.2200 -10.7820 -0.1261
16.2400 -10.7953 -0.1257
16.2600 -10.8086 -0.1267
16.2800 -10.8220 -0.1235
16.3000 -10.8353 -0.1249
16.3200 -10.8486 -0.1246
16.3400 -10.8619 -0.1234
16.3600 -10.8753 -0.1209
16.3800 -10.8886 -0.1201
16.4000 -10.9019 -0.1188
16.4200 -10.9152 -0.1206
16.4400 -10.9285 -0.1190
16.4600 -10.9419 -0.1178
16.4800 -10.9552 -0.1178
16.5000 -10.9686 -0.1185
16.5200 -10.9819 -0.1137
16.5400 -10.9953 -0.1123
16.5600 -11.0087 -0.1117
16.5800 -11.0220 -0.1127
16.6000 -11.0353 -0.1131
16.6200 -11.0487 -0.1111
16.6400 -11.0620 -0.1074
16.6600 -11.0753 -0.1094
16.6800 -11.0886 -0.1090
16.7000 -11.1019 -0.1083
16.7200 -11.1153 -0.1065
16.7400 -11.1286 -0.1050
16.7600 -11.1419 -0.1027
16.7800 -11.1552 -0.1041
16.8000 -11.1685 -0.1020
16.8200 -11.1819 -0.1014
16.8400 -11.1952 -0.1016
16.8600 -11.2086 -0.1006
16.8800 -11.2219 -0.1007
16.9000 -11.2353 -0.1005
16.9200 -11.2487 -0.0987
16.9400 -11.2620 -0.0954
16.9600 -11.2753 -0.0960
16.9800 -11.2886 -0.0959
17.0000 -11.3019 -0.0952
17.0200 -11.3153 -0.0933
17.0400 -11.3286 -0.0927
17.0600 -11.3419 -0.0895
17.0800 -11.3552 -0.0921
17.1000 -11.3686 -0.0904
17.1200 -11.3819 -0.0905
17.1400 -11.3952 -0.0890
17.1600 -11.4085 -0.0871
17.1800 -11.4219 -0.0872
17.2000 -11.4353 -0.0856
17.2200 -11.4486 -0.0849
17.2400 -11.4619 -0.0827
17.2600 -11.4753 -0.0838
17.2800 -11.4887 -0.0820
17.3000 -11.5019 -0.0823
17.3200 -11.5152 -0.0813
17.3400 -11.5285 -0.0823
17.3600 -11.5419 -0.0778
17.3800 -11.5553 -0.0773
17.4000 -11.5686 -0.0758
17.4200 -11.5819 -0.0761
17.4400 -11.5953 -0.0759
17.4600 -11.6086 -0.0751
17.4800 -11.6219 -0.0720
17.5000 -11.6352 -0.0730
17.5200 -11.6486 -0.0734
17.5400 -11.6619 -0.0716
17.5600 -11.6753 -0.0705
17.5800 -11.6886 -0.0701
17.6000 -11.7019 -0.0697
17.6200 -11.7153 -0.0691
17.6400 -11.7287 -0.0690
17.6600 -11.7420 -0.0653
17.6800 -11.7553 -0.0658
17.7000 -11.7686 -0.0649
17.7200 -11.7820 -0.0643
17.7400 -11.7954 -0.0629
17.7600 -11.8086 -0.0642
17.7800 -11.8219 -0.0607
17.8000 -11.8353 -0.0603
17.8200 -11.8486 -0.0586
17.8400 -11.8619 -0.0571
17.8600 -11.8752 -0.0575
17.8800 -11.8885 -0.0574
17.9000 -11.9019 -0.0537
17.9200 -11.9153 -0.0538
17.9400 -11.9286 -0.0545
17.9600 -11.9419 -0.0534
17.9800 -11.9553 -0.0521
18.0000 -11.9686 -0.0499
18.0200 -11.9820 -0.0486
18.0400 -11.9953 -0.0470
18.0600 -12.0086 -0.0466
18.0800 -12.0220 -0.0458
18.1000 -12.0353 -0.0439
18.1200 -12.0486 -0.0439
18.1400 -12.0619 -0.0415
18.1600 -12.0753 -0.0418
18.1800 -12.0886 -0.0398
18.2000 -12.1019 -0.0396
18.2200 -12.1152 -0.0381
18.2400 -12.1285 -0.0372
18.2600 -12.1419 -0.0363
18.2800 -12.1553 -0.0352
18.3000 -12.1686 -0.0336
18.3200 -12.1819 -0.0331
18.3400 -12.1952 -0.0343
18.3600 -12.2086 -0.0321
18.3800 -12.2220 -0.0298
18.4000 -12.2353 -0.0297
18.4200 -12.2486 -0.0307
18.4400 -12.2619 -0.0300
18.4600 -12.2753 -0.0284
18.4800 -12.2886 -0.0270
18.5000 -12.3019 -0.0247
18.5200 -12.3153 -0.0238
18.5400 -12.3286 -0.0263
18.5600 -12.3419 -0.0225
18.5800 -12.3552 -0.0242
18.6000 -12.3685 -0.0206
18.6200 -12.3819 -0.0210
18.6400 -12.3953 -0.0184
18.6600 -12.4086 -0.0202
18.6800 -12.4219 -0.0179
18.7000 -12.4353 -0.0188
18.7200 -12.4487 -0.0172
18.7400 -12.4620 -0.0155
18.7600 -12.4753 -0.0163
18.7800 -12.4886 -0.0149
18.8000 -12.5019 -0.0143
18.8200 -12.5153 -0.0117
18.8400 -12.5286 -0.0120
18.8600 -12.5419 -0.0095
18.8800 -12.5553 -0.0100
18.9000 -12.5686 -0.0082
18.9200 -12.5819 -0.0093
18.9400 -12.5952 -0.0067
18.9600 -12.6085 -0.0074
18.9800 -12.6219 -0.0067
19.0000 -12.6353 -0.0065
19.0200 -12.6486 -0.0040
19.0400 -12.6619 -0.0023
19.0600 -12.6753 -0.0003
19.0800 -12.6887 -0.0017
19.1000 -12.7020 -0.0014
19.1200 -12.7153 0.0011
19.1400 -12.7286 -0.0013
19.1600 -12.7419 -0.0003
19.1800 -12.7553 0.0020
19.2000 -12.7686 0.0036
19.2200 -12.7819 0.0043
19.2400 -12.7952 0.0060
19.2600 -12.8086 0.0064
19.2800 -12.8219 0.0054
19.3000 -12.8352 0.0071
19.3200 -12.8485 0.0079
19.3400 -12.8619 0.0084
19.3600 -12.8753 0.0102
19.3800 -12.8886 0.0111
19.4000 -12.9019 0.0115
19.4200 -12.9153 0.0129
19.4400 -12.9286 0.0137
19.4600 -12.9420 0.0171
19.4800 -12.9553 0.0171
19.5000 -12.9686 0.0176
19.5200 -12.9819 0.0193
19.5400 -12.9953 0.0206
19.5600 -13.0086 0.0213
19.5800 -13.0220 0.0227
19.6000 -13.0353 0.0244
19.6200 -13.0487 0.0254
19.6400 -13.0620 0.0280
19.6600 -13.0752 0.0277
19.6800 -13.0885 0.0274
19.7000 -13.1019 0.0289
19.7200 -13.1152 0.0311
19.7400 -13.1285 0.0317
19.7600 -13.1418 0.0328
19.7800 -13.1552 0.0344
19.8000 -13.1686 0.0338
19.8200 -13.1820 0.0366
19.8400 -13.1953 0.0377
19.8600 -13.2086 0.0378
19.8800 -13.2220 0.0390
19.9000 -13.2354 0.0396
19.9200 -13.2487 0.0385
19.9400 -13.2620 0.0405
19.9600 -13.2753 0.0423
19.9800 -13.2886 0.0443
20.0000 -13.3019 0.0459
20.0200 -13.3152 0.0457
20.0400 -13.3285 0.0469
20.0600 -13.3419 0.0477
20.0800 -13.3553 0.0487
20.1000 -13.3686 0.0494
20.1200 -13.3819 0.0506
20.1400 -13.3953 0.0516
20.1600 -13.4086 0.0529
20.1800 -13.4220 0.0532
20.2000 -13.4353 0.0524
20.2200 -13.4486 0.0529
20.2400 -13.4620 0.0534
20.2600 -13.4753 0.0554
20.2800 -13.4887 0.0558
20.3000 -13.5019 0.0568
20.3200 -13.5153 0.0564
20.3400 -13.5286 0.0588
20.3600 -13.5419 0.0593
20.3800 -13.5552 0.0600
20.4000 -13.5685 0.0606
20.4200 -13.5819 0.0619
20.4400 -13.5952 0.0641
20.4600 -13.6086 0.0640
20.4800 -13.6219 0.0660
20.5000 -13.6352 0.0657
20.5200 -13.6486 0.0653
20.5400 -13.6620 0.0646
20.5600 -13.6753 0.0658
20.5800 -13.6886 0.0650
20.6000 -13.7020 0.0670
20.6200 -13.7153 0.0673
20.6400 -13.7286 0.0691
20.6600 -13.7419 0.0696
20.6800 -13.7553 0.0719
20.7000 -13.7686 0.0729
20.7200 -13.7819 0.0731
20.7400 -13.7952 0.0729
20.7600 -13.8085 0.0731
20.7800 -13.8218 0.0732
20.8000 -13.8352 0.0764
20.8200 -13.8486 0.0752
20.8400 -13.8619 0.0759
20.8600 -13.8752 0.0762
20.8800 -13.8886 0.0768
20.9000 -13.9020 0.0781
20.9200 -13.9153 0.0777
20.9400 -13.9286 0.0795
20.9600 -13.9420 0.0798
20.9800 -13.9553 0.0809
21.0000 -13.9687 0.0815
21.0200 -13.9820 0.0850
21.0400 -13.9953 0.0855
21.0600 -14.0086 0.0866
21.0800 -14.0219 0.0873
21.1000 -14.0352 0.0881
21.1200 -14.0485 0.0892
21.1400 -14.0619 0.0905
21.1600 -14.0752 0.0903
21.1800 -14.0886 0.0934
21.2000 -14.1019 0.0929
21.2200 -14.1152 0.0936
21.2400 -14.1286 0.0956
21.2600 -14.1420 0.0960
21.2800 -14.1553 0.0972
21.3000 -14.1686 0.1000
21.3200 -14.1819 0.1012
21.3400 -14.1953 0.1017
21.3600 -14.2087 0.1020
21.3800 -14.2220 0.1050
21.4000 -14.2353 0.1055
21.4200 -14.2486 0.1068
21.4400 -14.2620 0.1075
21.4600 -14.2752 0.1075
21.4800 -14.2885 0.1102
21.5000 -14.3019 0.1103
21.5200 -14.3152 0.1110
21.5400 -14.3286 0.1146
21.5600 -14.3419 0.1144
21.5800 -14.3552 0.1144
21.6000 -14.3686 0.1160
21.6200 -14.3820 0.1164
21.6400 -14.3953 0.1182
21.6600 -14.4086 0.1195
21.6800 -14.4219 0.1212
21.7000 -14.4353 0.1192
21.7200 -14.4487 0.1209
21.7400 -14.4620 0.1193
21.7600 -14.4753 0.1233
21.7800 -14.4886 0.1243
21.8000 -14.5020 0.1258
21.8200 -14.5153 0.1281
21.8400 -14.5285 0.1276
21.8600 -14.5419 0.1275
21.8800 -14.5552 0.1299
21.9000 -14.5686 0.1304
21.9200 -14.5819 0.1310
21.9400 -14.5952 0.1325
21.9600 -14.6086 0.1328
21.9800 -14.6220 0.1343
22.0000 -14.6353 0.1363
22.0200 -14.6487 0.1368
22.0400 -14.6620 0.1374
22.0600 -14.6753 0.1373
22.0800 -14.6887 0.1385
22.1000 -14.7020 0.1400
22.1200 -14.7152 0.1385
22.1400 -14.7285 0.1405
22.1600 -14.7419 0.1398
22.1800 -14.7552 0.1428
22.2000 -14.7685 0.1423
22.2200 -14.7818 0.1455
22.2400 -14.7952 0.1445
22.2600 -14.8086 0.1493
22.2800 -14.8219 0.1458
22.3000 -14.8353 0.1492
22.3200 -14.8486 0.1485
22.3400 -14.8620 0.1508
22.3600 -14.8753 0.1517
22.3800 -14.8886 0.1545
22.4000 -14.9019 0.1529
22.4200 -14.9153 0.1544
22.4400 -14.9286 0.1532
22.4600 -14.9420 0.1571
22.4800 -14.9553 0.1575
22.5000 -14.9686 0.1591
22.5200 -14.9820 0.1596
22.5400 -14.9953 0.1603
22.5600 -15.0086 0.1633
22.5800 -15.0219 0.1625
22.6000 -15.0352 0.1665
22.6200 -15.0486 0.1654
22.6400 -15.0619 0.1659
22.6600 -15.0752 0.1669
22.6800 -15.0886 0.1692
22.7000 -15.1020 0.1691
22.7200 -15.1153 0.1738
22.7400 -15.1286 0.1730
22.7600 -15.1419 0.1742
22.7800 -15.1553 0.1739
22.8000 -15.1686 0.1770
22.8200 -15.1819 0.1776
22.8400 -15.1952 0.1784
22.8600 -15.2086 0.1796
22.8800 -15.2219 0.1815
22.9000 -15.2353 0.1830
22.9200 -15.2485 0.1848
22.9400 -15.2619 0.1839
22.9600 -15.2752 0.1840
22.9800 -15.2886 0.1841
23.0000 -15.3019 0.1863
23.0200 -15.3153 0.1865
23.0400 -15.3286 0.1880
23.0600 -15.3420 0.1882
23.0800 -15.3553 0.1896
23.1000 -15.3686 0.1914
23.1200 -15.3819 0.1948
23.1400 -15.3953 0.1928
23.1600 -15.4086 0.1958
23.1800 -15.4219 0.1951
23.2000 -15.4352 0.1967
23.2200 -15.4486 0.1979
23.2400 -15.4619 0.1983
23.2600 -15.4752 0.1999
23.2800 -15.4885 0.2016
23.3000 -15.5019 0.2022
23.3200 -15.5152 0.2016
23.3400 -15.5286 0.2053
23.3600 -15.5419 0.2046
23.3800 -15.5553 0.2053
23.4000 -15.5686 0.2060
23.4200 -15.5820 0.2072
23.4400 -15.5953 0.2072
23.4600 -15.6086 0.2103
23.4800 -15.6219 0.2111
23.5000 -15.6353 0.2119
23.5200 -15.6487 0.2121
23.5400 -15.6620 0.2132
23.5600 -15.6753 0.2124
23.5800 -15.6886 0.2154
23.6000 -15.7019 0.2175
23.6200 -15.7152 0.2171
23.6400 -15.7285 0.2202
23.6600 -15.7418 0.2212
23.6800 -15.7552 0.2199
23.7000 -15.7686 0.2239
23.7200 -15.7819 0.2237
23.7400 -15.7952 0.2240
23.7600 -15.8086 0.2263
23.7800 -15.8220 0.2253
23.8000 -15.8353 0.2272
23.8200 -15.8486 0.2265
23.8400 -15.8620 0.2286
23.8600 -15.8753 0.2286
23.8800 -15.8887 0.2316
23.9000 -15.9020 0.2321
23.9200 -15.9153 0.2326
23.9400 -15.9286 0.2335
23.9600 -15.9419 0.2354
23.9800 -15.9552 0.2349
24.0000 -15.9685 0.2375
24.0200 -15.9818 0.2361
24.0400 -15.9952 0.2383
24.0600 -16.0086 0.2407
24.0800 -16.0219 0.2410
24.1000 -16.0352 0.2395
24.1200 -16.0486 0.2413
24.1400 -16.0620 0.2432
24.1600 -16.0753 0.2433
24.1800 -16.0886 0.2448
24.2000 -16.1019 0.2450
24.2200 -16.1153 0.2434
24.2400 -16.1286 0.2473
24.2600 -16.1419 0.2455
24.2800 -16.1552 0.2440
24.3000 -16.1686 0.2470
24.3200 -16.1819 0.2470
24.3400 -16.1952 0.2495
24.3600 -16.2085 0.2502
24.3800 -16.2219 0.2505
24.4000 -16.2352 0.2495
24.4200 -16.2486 0.2536
24.4400 -16.2619 0.2537
24.4600 -16.2753 0.2535
24.4800 -16.2886 0.2544
24.5000 -16.3020 0.2576
24.5200 -16.3153 0.2551
24.5400 -16.3286 0.2568
24.5600 -16.3419 0.2566
24.5800 -16.3552 0.2602
24.6000 -16.3686 0.2609
24.6200 -16.3819 0.2634
24.6400 -16.3953 0.2607
24.6600 -16.4086 0.2656
24.6800 -16.4220 0.2665
24.7000 -16.4353 0.2665
24.7200 -16.4486 0.2673
24.7400 -16.4619 0.2710
24.7600 -16.4752 0.2683
24.7800 -16.4886 0.2716
24.8000 -16.5019 0.2732
24.8200 -16.5152 0.2746
24.8400 -16.5286 0.2760
24.8600 -16.5420 0.2764
24.8800 -16.5553 0.2757
24.9000 -16.5686 0.2779
24.9200 -16.5820 0.2800
24.9400 -16.5953 0.2786
24.9600 -16.6087 0.2826
24.9800 -16.6220 0.2824
25.0000 -16.6353 0.2827
25.0200 -16.6486 0.2859
25.0400 -16.6620 0.2880
25.0600 -16.6753 0.2862
25.0800 -16.6886 0.2903
25.1000 -16.7019 0.2907
25.1200 -16.7152 0.2895
25.1400 -16.7286 0.2920
25.1600 -16.7419 0.2947
25.1800 -16.7552 0.2947
25.2000 -16.7686 0.2969
25.2200 -16.7819 0.2988
25.2400 -16.7953 0.2972
25.2600 -16.8086 0.3010
25.2800 -16.8219 0.3033
25.3000 -16.8353 0.3038
25.3200 -16.8487 0.3053
25.3400 -16.8620 0.3073
25.3600 -16.8753 0.3051
25.3800 -16.8886 0.3092
25.4000 -16.9019 0.3103
25.4200 -16.9153 0.3113
25.4400 -16.9286 0.3132
25.4600 -16.9418 0.3125
25.4800 -16.9552 0.3105
25.5000 -16.9686 0.3137
25.5200 -16.9819 0.3169
25.5400 -16.9952 0.3166
25.5600 -17.0085 0.3163
25.5800 -17.0219 0.3184
25.6000 -17.0353 0.3176
25.6200 -17.0486 0.3215
25.6400 -17.0619 0.3229
25.6600 -17.0753 0.3226
25.6800 -17.0886 0.3233
25.7000 -17.1020 0.3262
25.7200 -17.1153 0.3251
25.7400 -17.1286 0.3274
25.7600 -17.1420 0.3306
25.7800 -17.1553 0.3282
25.8000 -17.1686 0.3305
25.8200 -17.1819 0.3307
25.8400 -17.1952 0.3295
25.8600 -17.2086 0.3319
25.8800 -17.2220 0.3357
25.9000 -17.2353 0.3365
25.9200 -17.2486 0.3400
25.9400 -17.2620 0.3426
25.9600 -17.2754 0.3434
25.9800 -17.2886 0.3434
26.0000 -17.3019 0.3468
26.0200 -17.3153 0.3452
26.0400 -17.3286 0.3465
26.0600 -17.3420 0.3470
26.0800 -17.3553 0.3475
26.1000 -17.3686 0.3490
26.1200 -17.3819 0.3535
26.1400 -17.3952 0.3507
26.1600 -17.4085 0.3525
26.1800 -17.4218 0.3532
26.2000 -17.4352 0.3557
26.2200 -17.4486 0.3550
26.2400 -17.4620 0.3588
26.2600 -17.4753 0.3574
26.2800 -17.4886 0.3597
26.3000 -17.5019 0.3608
26.3200 -17.5153 0.3594
26.3400 -17.5286 0.3598
26.3600 -17.5419 0.3641
26.3800 -17.5552 0.3625
26.4000 -17.5686 0.3651
26.4200 -17.5819 0.3663
26.4400 -17.5952 0.3655
26.4600 -17.6085 0.3660
26.4800 -17.6219 0.3680
26.5000 -17.6352 0.3690
26.5200 -17.6486 0.3697
26.5400 -17.6619 0.3738
26.5600 -17.6752 0.3699
26.5800 -17.6886 0.3731
26.6000 -17.7019 0.3745
26.6200 -17.7152 0.3753
26.6400 -17.7285 0.3771
26.6600 -17.7419 0.3816
26.6800 -17.7553 0.3791
26.7000 -17.7686 0.3824
26.7200 -17.7819 0.3830
26.7400 -17.7953 0.3837
26.7600 -17.8086 0.3843
26.7800 -17.8220 0.3868
26.8000 -17.8353 0.3860
26.8200 -17.8486 0.3877
26.8400 -17.8620 0.3898
26.8600 -17.8753 0.3913
26.8800 -17.8886 0.3926
26.9000 -17.9019 0.3957
26.9200 -17.9152 0.3960
26.9400 -17.9285 0.3976
26.9600 -17.9419 0.3994
26.9800 -17.9552 0.3965
27.0000 -17.9685 0.3985
27.0200 -17.9819 0.4022
27.0400 -17.9953 0.4029
27.0600 -18.0086 0.4042
27.0800 -18.0219 0.4067
27.1000 -18.0353 0.4024
27.1200 -18.0487 0.4093
27.1400 -18.0620 0.4108
27.1600 -18.0753 0.4093
27.1800 -18.0886 0.4100
27.2000 -18.1019 0.4133
27.2200 -18.1153 0.4102
27.2400 -18.1286 0.4124
27.2600 -18.1419 0.4143
27.2800 -18.1552 0.4150
27.3000 -18.1686 0.4148
27.3200 -18.1819 0.4186
27.3400 -18.1953 0.4178
27.3600 -18.2086 0.4190
27.3800 -18.2219 0.4224
27.4000 -18.2353 0.4210
27.4200 -18.2486 0.4245
27.4400 -18.2620 0.4253
27.4600 -18.2753 0.4282
27.4800 -18.2887 0.4277
27.5000 -18.3020 0.4315
27.5200 -18.3153 0.4282
27.5400 -18.3286 0.4318
27.5600 -18.3419 0.4330
27.5800 -18.3553 0.4360
27.6000 -18.3686 0.4339
27.6200 -18.3819 0.4375
27.6400 -18.3952 0.4363
27.6600 -18.4085 0.4376
27.6800 -18.4219 0.4408
27.7000 -18.4352 0.4400
27.7200 -18.4486 0.4407
27.7400 -18.4619 0.4426
27.7600 -18.4753 0.4416
27.7800 -18.4886 0.4422
27.8000 -18.5019 0.4455
27.8200 -18.5153 0.4454
27.8400 -18.5286 0.4470
27.8600 -18.5420 0.4520
27.8800 -18.5553 0.4509
27.9000 -18.5686 0.4504
27.9200 -18.5819 0.4519
27.9400 -18.5953 0.4508
27.9600 -18.6086 0.4523
27.9800 -18.6218 0.4571
28.0000 -18.6352 0.4556
28.0200 -18.6485 0.4592
28.0400 -18.6619 0.4616
28.0600 -18.6752 0.4634
28.0800 -18.6885 0.4625
28.1000 -18.7019 0.4665
28.1200 -18.7153 0.4657
28.1400 -18.7287 0.4657
28.1600 -18.7420 0.4694
28.1800 -18.7553 0.4694
28.2000 -18.7687 0.4706
28.2200 -18.7820 0.4729
28.2400 -18.7953 0.4740
28.2600 -18.8086 0.4733
28.2800 -18.8219 0.4769
28.3000 -18.8353 0.4759
28.3200 -18.8486 0.4775
28.3400 -18.8619 0.4793
28.3600 -18.8752 0.4800
28.3800 -18.8886 0.4795
28.4000 -18.9019 0.4845
28.4200 -18.9152 0.4829
28.4400 -18.9285 0.4850
28.4600 -18.9419 0.4854
28.4800 -18.9553 0.4882
28.5000 -18.9686 0.4856
28.5200 -18.9819 0.4891
28.5400 -18.9953 0.4876
28.5600 -19.0086 0.4913
28.5800 -19.0220 0.4951
28.6000 -19.0353 0.4931
28.6200 -19.0486 0.4944
28.6400 -19.0620 0.4939
28.6600 -19.0753 0.4957
28.6800 -19.0886 0.4952
28.7000 -19.1019 0.5011
28.7200 -19.1152 0.4975
28.7400 -19.1285 0.5004
28.7600 -19.1419 0.5043
28.7800 -19.1552 0.5035
28.8000 -19.1686 0.5036
28.8200 -19.1819 0.5070
28.8400 -19.1953 0.5083
28.8600 -19.2086 0.5069
28.8800 -19.2219 0.5123
28.9000 -19.2352 0.5111
28.9200 -19.2486 0.5120
28.9400 -19.2620 0.5162
28.9600 -19.2753 0.5156
28.9800 -19.2886 0.5158
29.0000 -19.3019 0.5195
29.0200 -19.3153 0.5213
29.0400 -19.3286 0.5204
29.0600 -19.3419 0.5265
29.0800 -19.3552 0.5238
29.1000 -19.3685 0.5249
29.1200 -19.3819 0.5260
29.1400 -19.3952 0.5265
29.1600 -19.4085 0.5271
29.1800 -19.4219 0.5310
29.2000 -19.4353 0.5320
29.2200 -19.4487 0.5320
29.2400 -19.4620 0.5374
29.2600 -19.4753 0.5377
29.2800 -19.4886 0.5382
29.3000 -19.5020 0.5393
29.3200 -19.5153 0.5409
29.3400 -19.5286 0.5404
29.3600 -19.5419 0.5435
29.3800 -19.5552 0.5411
29.4000 -19.5685 0.5442
29.4200 -19.5818 0.5469
29.4400 -19.5952 0.5506
29.4600 -19.6085 0.5490
29.4800 -19.6219 0.5524
29.5000 -19.6353 0.5533
29.5200 -19.6486 0.5528
29.5400 -19.6619 0.5576
29.5600 -19.6753 0.5565
29.5800 -19.6887 0.5584
29.6000 -19.7020 0.5627
29.6200 -19.7153 0.5614
29.6400 -19.7286 0.5626
29.6600 -19.7420 0.5654
29.6800 -19.7553 0.5689
29.7000 -19.7686 0.5682
29.7200 -19.7819 0.5678
29.7400 -19.7953 0.5691
29.7600 -19.8086 0.5711
29.7800 -19.8219 0.5742
29.8000 -19.8352 0.5746
29.8200 -19.8486 0.5750
29.8400 -19.8619 0.5764
29.8600 -19.8753 0.5785
29.8800 -19.8886 0.5784
29.9000 -19.9019 0.5831
29.9200 -19.9153 0.5788
29.9400 -19.9286 0.5836
29.9600 -19.9419 0.5833
29.9800 -19.9553 0.5867
30.0000 -19.9686 0.5838
30.0200 -19.9820 0.5884
30.0400 -19.9953 0.5907
30.0600 -20.0086 0.5900
30.0800 -20.0219 0.5965
30.1000 -20.0353 0.5957
30.1200 -20.0486 0.5960
30.1400 -20.0619 0.5985
30.1600 -20.0752 0.5999
30.1800 -20.0885 0.6017
30.2000 -20.1019 0.6039
30.2200 -20.1153 0.6039
30.2400 -20.1286 0.6054
30.2600 -20.1419 0.6074
30.2800 -20.1553 0.6088
30.3000 -20.1686 0.6065
30.3200 -20.1820 0.6101
30.3400 -20.1953 0.6098
30.3600 -20.2086 0.6137
30.3800 -20.2220 0.6122
30.4000 -20.2353 0.6167
30.4200 -20.2486 0.6141
30.4400 -20.2619 0.6184
30.4600 -20.2752 0.6190
30.4800 -20.2886 0.6211
30.5000 -20.3019 0.6236
30.5200 -20.3152 0.6260
30.5400 -20.3285 0.6235
30.5600 -20.3419 0.6271
30.5800 -20.3553 0.6295
30.6000 -20.3686 0.6281
30.6200 -20.3819 0.6329
30.6400 -20.3953 0.6315
30.6600 -20.4087 0.6320
30.6800 -20.4220 0.6356
30.7000 -20.4353 0.6378
30.7200 -20.4486 0.6378
30.7400 -20.4620 0.6389
30.7600 -20.4753 0.6336
30.7800 -20.4886 0.5949
30.8000 -20.5019 0.5392
30.8200 -20.5153 0.4692
30.8400 -20.5286 0.3978
30.8600 -20.5419 0.3241
30.8800 -20.5552 0.2480
30.9000 -20.5685 0.1694
30.9200 -20.5819 0.0926
30.9400 -20.5952 0.0129
30.9600 -20.6086 -0.0733
30.9800 -20.6219 -0.1535
31.0000 -20.6353 -0.2198
31.0200 -20.6487 -0.2592
31.0400 -20.6620 -0.3084
31.0600 -20.6753 -0.3643
31.0800 -20.6886 -0.4217
31.1000 -20.7020 -0.4739
31.1200 -20.7153 -0.5213
31.1400 -20.7286 -0.5710
31.1600 -20.7419 -0.6160
31.1800 -20.7553 -0.6750
31.2000 -20.7686 -0.7330
31.2200 -20.7819 -0.7971
31.2400 -20.7952 -0.8592
31.2600 -20.8085 -0.9229
31.2800 -20.8219 -0.9782
31.3000 -20.8352 -1.0260
31.3200 -20.8486 -1.0468
31.3400 -20.8619 -1.0492
31.3600 -20.8753 -1.0436
31.3800 -20.8887 -1.0431
31.4000 -20.9020 -1.0398
31.4200 -20.9153 -1.0386
31.4400 -20.9286 -1.0388
31.4600 -20.9420 -1.0379
31.4800 -20.9553 -1.0353
31.5000 -20.9686 -1.0369
31.5200 -20.9819 -1.0340
31.5400 -20.9952 -1.0333
31.5600 -21.0086 -1.0313
31.5800 -21.0219 -1.0298
31.6000 -21.0352 -1.0278
31.6200 -21.0485 -1.0283
31.6400 -21.0619 -1.0252
31.6600 -21.0753 -1.0232
31.6800 -21.0886 -1.0257
31.7000 -21.1019 -1.0212
31.7200 -21.1153 -1.0209
31.7400 -21.1286 -1.0202
31.7600 -21.1419 -1.0210
31.7800 -21.1552 -1.0210
31.8000 -21.1685 -1.0198
31.8200 -21.1819 -1.0183
31.8400 -21.1953 -1.0154
31.8600 -21.2086 -1.0139
31.8800 -21.2219 -1.0119
31.9000 -21.2353 -1.0105
31.9200 -21.2486 -1.0109
31.9400 -21.2620 -1.0094
31.9600 -21.2752 -1.0070
31.9800 -21.2885 -1.0062
32.0000 -21.3019 -1.0027
32.0200 -21.3152 -1.0017
32.0400 -21.3286 -1.0023
32.0600 -21.3419 -0.9975
32.0800 -21.3553 -0.9959
32.1000 -21.3687 -0.9939
32.1200 -21.3820 -0.9939
32.1400 -21.3953 -0.9889
32.1600 -21.4086 -0.9899
32.1800 -21.4220 -0.9868
32.2000 -21.4353 -0.9872
32.2200 -21.4486 -0.9857
32.2400 -21.4619 -0.9831
32.2600 -21.4753 -0.9793
32.2800 -21.4886 -0.9802
32.3000 -21.5019 -0.9770
32.3200 -21.5152 -0.9748
32.3400 -21.5285 -0.9712
32.3600 -21.5419 -0.9726
32.3800 -21.5553 -0.9683
32.4000 -21.5686 -0.9695
32.4200 -21.5819 -0.9657
32.4400 -21.5953 -0.9638
32.4600 -21.6086 -0.9628
32.4800 -21.6220 -0.9595
32.5000 -21.6353 -0.9586
32.5200 -21.6486 -0.9557
32.5400 -21.6620 -0.9564
32.5600 -21.6753 -0.9487
32.5800 -21.6886 -0.9525
32.6000 -21.7019 -0.9489
32.6200 -21.7153 -0.9486
32.6400 -21.7286 -0.9443
32.6600 -21.7419 -0.9469
32.6800 -21.7552 -0.9406
32.7000 -21.7685 -0.9428
32.7200 -21.7819 -0.9390
32.7400 -21.7953 -0.9371
32.7600 -21.8086 -0.9365
32.7800 -21.8219 -0.9338
32.8000 -21.8352 -0.9314
32.8200 -21.8486 -0.9304
32.8400 -21.8620 -0.9313
32.8600 -21.8753 -0.9269
32.8800 -21.8886 -0.9274
32.9000 -21.9019 -0.9254
32.9200 -21.9153 -0.9241
32.9400 -21.9286 -0.9221
32.9600 -21.9419 -0.9232
32.9800 -21.9553 -0.9200
33.0000 -21.9686 -0.9176
33.0200 -21.9819 -0.9176
33.0400 -21.9952 -0.9124
33.0600 -22.0085 -0.9132
33.0800 -22.0219 -0.9096
33.1000 -22.0352 -0.9077
33.1200 -22.0486 -0.9072
33.1400 -22.0619 -0.9098
33.1600 -22.0753 -0.9047
33.1800 -22.0886 -0.9043
33.2000 -22.1020 -0.8997
33.2200 -22.1153 -0.8982
33.2400 -22.1286 -0.8962
33.2600 -22.1419 -0.8976
33.2800 -22.1553 -0.8923
33.3000 -22.1686 -0.8934
33.3200 -22.1819 -0.8906
33.3400 -22.1952 -0.8880
33.3600 -22.2086 -0.8881
33.3800 -22.2219 -0.8844
33.4000 -22.2352 -0.8806
33.4200 -22.2485 -0.8801
33.4400 -22.2619 -0.8785
33.4600 -22.2753 -0.8748
33.4800 -22.2886 -0.8700
33.5000 -22.3019 -0.8694
33.5200 -22.3153 -0.8629
33.5400 -22.3286 -0.8662
33.5600 -22.3420 -0.8637
33.5800 -22.3553 -0.8619
33.6000 -22.3686 -0.8578
33.6200 -22.3819 -0.8582
33.6400 -22.3953 -0.8556
33.6600 -22.4086 -0.8566
33.6800 -22.4219 -0.8537
33.7000 -22.4352 -0.8527
33.7200 -22.4486 -0.8533
33.7400 -22.4619 -0.8522
33.7600 -22.4752 -0.8501
33.7800 -22.4885 -0.8495
33.8000 -22.5019 -0.8485
33.8200 -22.5153 -0.8487
33.8400 -22.5286 -0.8494
33.8600 -22.5419 -0.8468
33.8800 -22.5552 -0.8455
33.9000 -22.5686 -0.8451
33.9200 -22.5820 -0.8451
33.9400 -22.5953 -0.8440
33.9600 -22.6086 -0.8456
33.9800 -22.6219 -0.8444
34.0000 -22.6353 -0.8399
34.0200 -22.6487 -0.8410
34.0400 -22.6620 -0.8389
34.0600 -22.6753 -0.8365
34.0800 -22.6887 -0.8369
34.1000 -22.7020 -0.8335
34.1200 -22.7152 -0.8337
34.1400 -22.7285 -0.8323
34.1600 -22.7418 -0.8340
34.1800 -22.7552 -0.8268
34.2000 -22.7685 -0.8305
34.2200 -22.7818 -0.8271
34.2400 -22.7952 -0.8322
34.2600 -22.8086 -0.8264
34.2800 -22.8220 -0.8309
34.3000 -22.8353 -0.8240
34.3200 -22.8486 -0.8270
34.3400 -22.8620 -0.8235
34.3600 -22.8754 -0.8233
34.3800 -22.8887 -0.8211
34.4000 -22.9019 -0.8213
34.4200 -22.9153 -0.8172
34.4400 -22.9286 -0.8171
34.4600 -22.9419 -0.8155
34.4800 -22.9552 -0.8118
34.5000 -22.9685 -0.8161
34.5200 -22.9819 -0.8136
34.5400 -22.9953 -0.8134
34.5600 -23.0086 -0.8102
34.5800 -23.0219 -0.8137
34.6000 -23.0353 -0.8091
34.6200 -23.0486 -0.8097
34.6400 -23.0620 -0.8069
34.6600 -23.0753 -0.8057
34.6800 -23.0886 -0.8052
34.7000 -23.1020 -0.8041
34.7200 -23.1153 -0.8008
34.7400 -23.1287 -0.7992
34.7600 -23.1419 -0.7982
34.7800 -23.1553 -0.7979
34.8000 -23.1686 -0.7953
34.8200 -23.1819 -0.7960
34.8400 -23.1952 -0.7904
34.8600 -23.2085 -0.7916
34.8800 -23.2219 -0.7899
34.9000 -23.2352 -0.7891
34.9200 -23.2486 -0.7881
34.9400 -23.2619 -0.7865
34.9600 -23.2752 -0.7833
34.9800 -23.2886 -0.7831
35.0000 -23.3020 -0.7814
35.0200 -23.3153 -0.7788
35.0400 -23.3286 -0.7773
35.0600 -23.3420 -0.7743
35.0800 -23.3553 -0.7739
35.1000 -23.3687 -0.7719
35.1200 -23.3820 -0.7745
35.1400 -23.3953 -0.7704
35.1600 -23.4086 -0.7695
35.1800 -23.4219 -0.7665
35.2000 -23.4352 -0.7666
35.2200 -23.4485 -0.7640
35.2400 -23.4619 -0.7639
35.2600 -23.4752 -0.7620
35.2800 -23.4886 -0.7587
35.3000 -23.5019 -0.7589
35.3200 -23.5152 -0.7546
35.3400 -23.5286 -0.7551
35.3600 -23.5420 -0.7516
35.3800 -23.5553 -0.7501
35.4000 -23.5686 -0.7467
35.4200 -23.5820 -0.7466
35.4400 -23.5953 -0.7424
35.4600 -23.6087 -0.7447
35.4800 -23.6220 -0.7431
35.5000 -23.6353 -0.7411
35.5200 -23.6486 -0.7368
35.5400 -23.6619 -0.7356
35.5600 -23.6752 -0.7329
35.5800 -23.6885 -0.7332
35.6000 -23.7019 -0.7304
35.6200 -23.7152 -0.7286
35.6400 -23.7286 -0.7262
35.6600 -23.7419 -0.7298
35.6800 -23.7552 -0.7258
35.7000 -23.7686 -0.7279
35.7200 -23.7820 -0.7260
35.7400 -23.7953 -0.7270
35.7600 -23.8086 -0.7257
35.7800 -23.8219 -0.7255
35.8000 -23.8353 -0.7229
35.8200 -23.8487 -0.7253
35.8400 -23.8620 -0.7231
35.8600 -23.8753 -0.7245
35.8800 -23.8886 -0.7213
35.9000 -23.9020 -0.7240
35.9200 -23.9152 -0.7194
35.9400 -23.9285 -0.7203
35.9600 -23.9419 -0.7179
35.9800 -23.9552 -0.7170
36.0000 -23.9686 -0.7159
36.0200 -23.9819 -0.7199
36.0400 -23.9952 -0.7186
36.0600 -24.0086 -0.7181
36.0800 -24.0220 -0.7172
36.1000 -24.0353 -0.7143
36.1200 -24.0486 -0.7148
36.1400 -24.0619 -0.7158
36.1600 -24.0753 -0.7152
36.1800 -24.0887 -0.7135
36.2000 -24.1020 -0.7140
36.2200 -24.1153 -0.7103
36.2400 -24.1286 -0.7103
36.2600 -24.1419 -0.7067
36.2800 -24.1553 -0.7060
36.3000 -24.1685 -0.7047
36.3200 -24.1819 -0.7073
36.3400 -24.1952 -0.7046
36.3600 -24.2086 -0.7031
36.3800 -24.2219 -0.7024
36.4000 -24.2352 -0.7002
36.4200 -24.2486 -0.6979
36.4400 -24.2620 -0.6970
36.4600 -24.2753 -0.6952
36.4800 -24.2887 -0.6940
36.5000 -24.3020 -0.6954
36.5200 -24.3153 -0.6924
36.5400 -24.3287 -0.6915
36.5600 -24.3420 -0.6902
36.5800 -24.3552 -0.6904
36.6000 -24.3685 -0.6889
36.6200 -24.3819 -0.6858
36.6400 -24.3952 -0.6848
36.6600 -24.4085 -0.6829
36.6800 -24.4219 -0.6819
36.7000 -24.4352 -0.6791
36.7200 -24.4486 -0.6786
36.7400 -24.4619 -0.6775
36.7600 -24.4753 -0.6773
36.7800 -24.4886 -0.6743
36.8000 -24.5020 -0.6742
36.8200 -24.5153 -0.6722
36.8400 -24.5286 -0.6713
36.8600 -24.5419 -0.6687
36.8800 -24.5553 -0.6668
36.9000 -24.5687 -0.6648
36.9200 -24.5820 -0.6669
36.9400 -24.5953 -0.6644
36.9600 -24.6086 -0.6622
36.9800 -24.6220 -0.6610
37.0000 -24.6353 -0.6602
37.0200 -24.6486 -0.6583
37.0400 -24.6619 -0.6567
37.0600 -24.6752 -0.6547
37.0800 -24.6886 -0.6528
37.1000 -24.7019 -0.6531
37.1200 -24.7152 -0.6525
37.1400 -24.7286 -0.6505
37.1600 -24.7420 -0.6492
37.1800 -24.7553 -0.6487
37.2000 -24.7686 -0.6490
37.2200 -24.7819 -0.6453
37.2400 -24.7953 -0.6458
37.2600 -24.8086 -0.6428
37.2800 -24.8219 -0.6444
37.3000 -24.8352 -0.6409
37.3200 -24.8486 -0.6408
37.3400 -24.8619 -0.6401
37.3600 -24.8753 -0.6397
37.3800 -24.8885 -0.6375
37.4000 -24.9019 -0.6379
37.4200 -24.9152 -0.6343
37.4400 -24.9286 -0.6362
37.4600 -24.9419 -0.6351
37.4800 -24.9552 -0.6342
37.5000 -24.9686 -0.6308
37.5200 -24.9820 -0.6312
37.5400 -24.9953 -0.6265
37.5600 -25.0086 -0.6266
37.5800 -25.0219 -0.6276
37.6000 -25.0353 -0.6273
37.6200 -25.0486 -0.6264
37.6400 -25.0620 -0.6244
37.6600 -25.0753 -0.6238
37.6800 -25.0886 -0.6218
37.7000 -25.1019 -0.6230
37.7200 -25.1152 -0.6206
37.7400 -25.1285 -0.6205
37.7600 -25.1419 -0.6190
37.7800 -25.1552 -0.6202
37.8000 -25.1686 -0.6160
37.8200 -25.1820 -0.6175
37.8400 -25.1953 -0.6138
37.8600 -25.2086 -0.6150
37.8800 -25.2220 -0.6123
37.9000 -25.2353 -0.6121
37.9200 -25.2486 -0.6102
37.9400 -25.2620 -0.6119
37.9600 -25.2753 -0.6096
37.9800 -25.2887 -0.6088
38.0000 -25.3020 -0.6077
38.0200 -25.3153 -0.6081
38.0400 -25.3286 -0.6062
38.0600 -25.3419 -0.6051
38.0800 -25.3552 -0.6038
38.1000 -25.3685 -0.6032
38.1200 -25.3818 -0.6021
38.1400 -25.3952 -0.6029
38.1600 -25.4086 -0.6027
38.1800 -25.4219 -0.6017
38.2000 -25.4352 -0.6020
38.2200 -25.4486 -0.6003
38.2400 -25.4620 -0.5999
38.2600 -25.4753 -0.5985
38.2800 -25.4886 -0.5983
38.3000 -25.5020 -0.5982
38.3200 -25.5153 -0.5970
38.3400 -25.5287 -0.5945
38.3600 -25.5420 -0.5953
38.3800 -25.5553 -0.5951
38.4000 -25.5686 -0.5922
38.4200 -25.5819 -0.5918
38.4400 -25.5952 -0.5914
38.4600 -25.6085 -0.5892
38.4800 -25.6218 -0.5863
38.5000 -25.6352 -0.5867
38.5200 -25.6486 -0.5847
38.5400 -25.6619 -0.5831
38.5600 -25.6752 -0.5839
38.5800 -25.6886 -0.5814
38.6000 -25.7020 -0.5802
38.6200 -25.7153 -0.5797
38.6400 -25.7287 -0.5780
38.6600 -25.7420 -0.5764
38.6800 -25.7553 -0.5755
38.7000 -25.7687 -0.5739
38.7200 -25.7820 -0.5721
38.7400 -25.7953 -0.5719
38.7600 -25.8086 -0.5694
38.7800 -25.8219 -0.5694
38.8000 -25.8353 -0.5689
38.8200 -25.8486 -0.5677
38.8400 -25.8619 -0.5657
38.8600 -25.8752 -0.5653
38.8800 -25.8886 -0.5609
38.9000 -25.9019 -0.5609
38.9200 -25.9153 -0.5595
38.9400 -25.9286 -0.5588
38.9600 -25.9420 -0.5590
38.9800 -25.9553 -0.5585
39.0000 -25.9686 -0.5561
39.0200 -25.9819 -0.5548
39.0400 -25.9952 -0.5533
39.0600 -26.0086 -0.5522
39.0800 -26.0219 -0.5503
39.1000 -26.0353 -0.5523
39.1200 -26.0486 -0.5494
39.1400 -26.0619 -0.5480
39.1600 -26.0752 -0.5484
39.1800 -26.0885 -0.5483
39.2000 -26.1018 -0.5493
39.2200 -26.1152 -0.5478
39.2400 -26.1286 -0.5473
39.2600 -26.1419 -0.5462
39.2800 -26.1553 -0.5440
39.3000 -26.1686 -0.5424
39.3200 -26.1820 -0.5429
39.3400 -26.1953 -0.5423
39.3600 -26.2086 -0.5435
39.3800 -26.2220 -0.5401
39.4000 -26.2353 -0.5400
39.4200 -26.2487 -0.5369
39.4400 -26.2620 -0.5375
39.4600 -26.2753 -0.5349
39.4800 -26.2886 -0.5368
39.5000 -26.3020 -0.5354
39.5200 -26.3153 -0.5354
39.5400 -26.3286 -0.5344
39.5600 -26.3419 -0.5345
39.5800 -26.3552 -0.5321
39.6000 -26.3686 -0.5330
39.6200 -26.3819 -0.5305
39.6400 -26.3952 -0.5320
39.6600 -26.4086 -0.5293
39.6800 -26.4219 -0.5310
39.7000 -26.4353 -0.5302
39.7200 -26.4486 -0.5327
39.7400 -26.4619 -0.5299
39.7600 -26.4753 -0.5282
39.7800 -26.4886 -0.5277
39.8000 -26.5020 -0.5273
39.8200 -26.5153 -0.5253
39.8400 -26.5286 -0.5254
39.8600 -26.5419 -0.5221
39.8800 -26.5553 -0.5244
39.9000 -26.5686 -0.5230
39.9200 -26.5819 -0.5204
39.9400 -26.5952 -0.5205
39.9600 -26.6086 -0.5178
39.9800 -26.6219 -0.5167
40.0000 -26.6352 -0.5140
40.0200 -26.6486 -0.5148
40.0400 -26.6619 -0.5125
40.0600 -26.6753 -0.5124
40.0800 -26.6886 -0.5110
40.1000 -26.7019 -0.5088
40.1200 -26.7153 -0.5070
40.1400 -26.7286 -0.5100
40.1600 -26.7420 -0.5052
40.1800 -26.7553 -0.5047
40.2000 -26.7686 -0.5016
40.2200 -26.7820 -0.5005
40.2400 -26.7953 -0.4995
40.2600 -26.8086 -0.4974
40.2800 -26.8219 -0.4969
40.3000 -26.8352 -0.4954
40.3200 -26.8486 -0.4929
40.3400 -26.8619 -0.4921
40.3600 -26.8752 -0.4931
40.3800 -26.8886 -0.4934
40.4000 -26.9020 -0.4901
40.4200 -26.9153 -0.4892
40.4400 -26.9287 -0.4868
40.4600 -26.9419 -0.4844
40.4800 -26.9553 -0.4832
40.5000 -26.9686 -0.4820
40.5200 -26.9820 -0.4811
40.5400 -26.9953 -0.4823
40.5600 -27.0086 -0.4799
40.5800 -27.0219 -0.4768
40.6000 -27.0353 -0.4756
40.6200 -27.0486 -0.4758
40.6400 -27.0619 -0.4739
40.6600 -27.0752 -0.4728
40.6800 -27.0886 -0.4722
40.7000 -27.1020 -0.4686
40.7200 -27.1153 -0.4690
40.7400 -27.1286 -0.4678
40.7600 -27.1420 -0.4665
40.7800 -27.1553 -0.4666
40.8000 -27.1687 -0.4648
40.8200 -27.1819 -0.4644
40.8400 -27.1953 -0.4657
40.8600 -27.2086 -0.4665
40.8800 -27.2220 -0.4652
40.9000 -27.2353 -0.4626
40.9200 -27.2486 -0.4621
40.9400 -27.2619 -0.4598
40.9600 -27.2753 -0.4598
40.9800 -27.2886 -0.4619
41.0000 -27.3019 -0.4592
41.0200 -27.3152 -0.4598
41.0400 -27.3286 -0.4559
41.0600 -27.3419 -0.4572
41.0800 -27.3552 -0.4563
41.1000 -27.3686 -0.4606
41.1200 -27.3819 -0.4568
41.1400 -27.3953 -0.4562
41.1600 -27.4086 -0.4573
41.1800 -27.4219 -0.4560
41.2000 -27.4352 -0.4533
41.2200 -27.4486 -0.4565
41.2400 -27.4620 -0.4519
41.2600 -27.4753 -0.4529
41.2800 -27.4886 -0.4518
41.3000 -27.5020 -0.4510
41.3200 -27.5153 -0.4490
41.3400 -27.5286 -0.4502
41.3600 -27.5419 -0.4484
41.3800 -27.5552 -0.4478
41.4000 -27.5685 -0.4497
41.4200 -27.5819 -0.4471
41.4400 -27.5952 -0.4458
41.4600 -27.6085 -0.4459
41.4800 -27.6219 -0.4452
41.5000 -27.6353 -0.4439
41.5200 -27.6487 -0.4441
41.5400 -27.6620 -0.4400
41.5600 -27.6753 -0.4409
41.5800 -27.6887 -0.4385
41.6000 -27.7020 -0.4392
41.6200 -27.7153 -0.4380
41.6400 -27.7286 -0.4383
41.6600 -27.7419 -0.4349
41.6800 -27.7553 -0.4349
41.7000 -27.7686 -0.4327
41.7200 -27.7819 -0.4319
41.7400 -27.7952 -0.4289
41.7600 -27.8086 -0.4294
41.7800 -27.8219 -0.4270
41.8000 -27.8353 -0.4271
41.8200 -27.8486 -0.4241
41.8400 -27.8620 -0.4247
41.8600 -27.8753 -0.4233
41.8800 -27.8887 -0.4247
41.9000 -27.9020 -0.4214
41.9200 -27.9153 -0.4192
41.9400 -27.9286 -0.4198
41.9600 -27.9420 -0.4163
41.9800 -27.9553 -0.4147
42.0000 -27.9686 -0.4172
42.0200 -27.9819 -0.4144
42.0400 -27.9953 -0.4123
42.0600 -28.0086 -0.4121
42.0800 -28.0219 -0.4083
42.1000 -28.0352 -0.4092
42.1200 -28.0485 -0.4082
42.1400 -28.0619 -0.4074
42.1600 -28.0753 -0.4057
42.1800 -28.0886 -0.4089
42.2000 -28.1019 -0.4072
42.2200 -28.1153 -0.4059
42.2400 -28.1286 -0.4076
42.2600 -28.1420 -0.4043
42.2800 -28.1553 -0.4036
42.3000 -28.1686 -0.4068
42.3200 -28.1820 -0.4036
42.3400 -28.1953 -0.4046
42.3600 -28.2086 -0.4024
42.3800 -28.2219 -0.4019
42.4000 -28.2353 -0.4019
42.4200 -28.2486 -0.4007
42.4400 -28.2619 -0.4005
42.4600 -28.2752 -0.3994
42.4800 -28.2885 -0.4008
42.5000 -28.3019 -0.3994
42.5200 -28.3152 -0.3976
42.5400 -28.3285 -0.3991
42.5600 -28.3419 -0.3976
42.5800 -28.3553 -0.3970
42.6000 -28.3687 -0.3947
42.6200 -28.3820 -0.3933
42.6400 -28.3953 -0.3926
42.6600 -28.4086 -0.3924
42.6800 -28.4220 -0.3906
42.7000 -28.4353 -0.3901
42.7200 -28.4486 -0.3893
42.7400 -28.4619 -0.3880
42.7600 -28.4753 -0.3850
42.7800 -28.4886 -0.3859
42.8000 -28.5019 -0.3846
42.8200 -28.5152 -0.3841
42.8400 -28.5286 -0.3832
42.8600 -28.5419 -0.3795
42.8800 -28.5552 -0.3790
42.9000 -28.5685 -0.3801
42.9200 -28.5819 -0.3799
42.9400 -28.5953 -0.3774
42.9600 -28.6086 -0.3767
42.9800 -28.6219 -0.3753
43.0000 -28.6353 -0.3736
43.0200 -28.6486 -0.3742
43.0400 -28.6620 -0.3724
43.0600 -28.6753 -0.3700
43.0800 -28.6887 -0.3712
43.1000 -28.7020 -0.3691
43.1200 -28.7153 -0.3676
43.1400 -28.7286 -0.3659
43.1600 -28.7419 -0.3656
43.1800 -28.7552 -0.3646
43.2000 -28.7685 -0.3629
43.2200 -28.7819 -0.3604
43.2400 -28.7952 -0.3592
43.2600 -28.8085 -0.3605
43.2800 -28.8219 -0.3594
43.3000 -28.8353 -0.3569
43.3200 -28.8486 -0.3558
43.3400 -28.8619 -0.3549
43.3600 -28.8752 -0.3524
43.3800 -28.8886 -0.3534
43.4000 -28.9020 -0.3519
43.4200 -28.9153 -0.3534
43.4400 -28.9286 -0.3505
43.4600 -28.9420 -0.3500
43.4800 -28.9553 -0.3476
43.5000 -28.9686 -0.3498
43.5200 -28.9819 -0.3480
43.5400 -28.9952 -0.3458
43.5600 -29.0085 -0.3468
43.5800 -29.0219 -0.3444
43.6000 -29.0352 -0.3445
43.6200 -29.0485 -0.3449
43.6400 -29.0619 -0.3443
43.6600 -29.0753 -0.3421
43.6800 -29.0887 -0.3417
43.7000 -29.1020 -0.3377
43.7200 -29.1153 -0.3376
43.7400 -29.1286 -0.3370
43.7600 -29.1420 -0.3366
43.7800 -29.1553 -0.3340
43.8000 -29.1686 -0.3337
43.8200 -29.1819 -0.3310
43.8400 -29.1952 -0.3300
43.8600 -29.2085 -0.3312
43.8800 -29.2218 -0.3308
43.9000 -29.2352 -0.3278
43.9200 -29.2485 -0.3275
43.9400 -29.2619 -0.3261
43.9600 -29.2753 -0.3270
43.9800 -29.2886 -0.3260
44.0000 -29.3019 -0.3252
44.0200 -29.3153 -0.3218
44.0400 -29.3287 -0.3212
44.0600 -29.3420 -0.3179
44.0800 -29.3553 -0.3157
44.1000 -29.3686 -0.3174
44.1200 -29.3820 -0.3169
44.1400 -29.3953 -0.3142
44.1600 -29.4086 -0.3145
44.1800 -29.4219 -0.3136
44.2000 -29.4353 -0.3115
44.2200 -29.4486 -0.3120
44.2400 -29.4619 -0.3111
44.2600 -29.4752 -0.3096
44.2800 -29.4885 -0.3085
44.3000 -29.5019 -0.3084
44.3200 -29.5153 -0.3073
44.3400 -29.5286 -0.3083
44.3600 -29.5419 -0.3061
44.3800 -29.5553 -0.3028
44.4000 -29.5687 -0.3027
44.4200 -29.5820 -0.3035
44.4400 -29.5953 -0.3012
44.4600 -29.6086 -0.3006
44.4800 -29.6220 -0.2982
44.5000 -29.6353 -0.2976
44.5200 -29.6486 -0.2970
44.5400 -29.6619 -0.2966
44.5600 -29.6753 -0.2948
44.5800 -29.6886 -0.2943
44.6000 -29.7019 -0.2958
44.6200 -29.7152 -0.2948
44.6400 -29.7285 -0.2942
44.6600 -29.7419 -0.2934
44.6800 -29.7553 -0.2902
44.7000 -29.7686 -0.2898
44.7200 -29.7819 -0.2921
44.7400 -29.7953 -0.2892
44.7600 -29.8086 -0.2879
44.7800 -29.8220 -0.2875
44.8000 -29.8353 -0.2856
44.8200 -29.8486 -0.2848
44.8400 -29.8620 -0.2880
44.8600 -29.8753 -0.2839
44.8800 -29.8886 -0.2859
44.9000 -29.9019 -0.2833
44.9200 -29.9152 -0.2815
44.9400 -29.9286 -0.2824
44.9600 -29.9419 -0.2848
44.9800 -29.9552 -0.2814
45.0000 -29.9685 -0.2822
45.0200 -29.9819 -0.2823
45.0400 -29.9953 -0.2808
45.0600 -30.0086 -0.2828
45.0800 -30.0219 -0.2807
45.1000 -30.0353 -0.2800
45.1200 -30.0486 -0.2768
45.1400 -30.0620 -0.2791
45.1600 -30.0753 -0.2745
45.1800 -30.0886 -0.2784
45.2000 -30.1020 -0.2780
45.2200 -30.1153 -0.2739
45.2400 -30.1286 -0.2728
45.2600 -30.1419 -0.2745
45.2800 -30.1553 -0.2711
45.3000 -30.1686 -0.2743
45.3200 -30.1819 -0.2721
45.3400 -30.1952 -0.2708
45.3600 -30.2085 -0.2692
45.3800 -30.2219 -0.2701
45.4000 -30.2352 -0.2668
45.4200 -30.2486 -0.2683
45.4400 -30.2619 -0.2671
45.4600 -30.2753 -0.2672
45.4800 -30.2887 -0.2670
45.5000 -30.3020 -0.2685
45.5200 -30.3153 -0.2651
45.5400 -30.3286 -0.2660
45.5600 -30.3420 -0.2652
45.5800 -30.3553 -0.2609
45.6000 -30.3686 -0.2591
45.6200 -30.3819 -0.2597
45.6400 -30.3953 -0.2574
45.6600 -30.4086 -0.2574
45.6800 -30.4219 -0.2593
45.7000 -30.4352 -0.2543
45.7200 -30.4485 -0.2547
45.7400 -30.4619 -0.2549
45.7600 -30.4752 -0.2483
45.7800 -30.4886 -0.2482
45.8000 -30.5019 -0.2481
45.8200 -30.5153 -0.2451
45.8400 -30.5287 -0.2458
45.8600 -30.5420 -0.2454
45.8800 -30.5553 -0.2425
45.9000 -30.5686 -0.2424
45.9200 -30.5820 -0.2411
45.9400 -30.5953 -0.2358
45.9600 -30.6086 -0.2371
45.9800 -30.6219 -0.2365
46.0000 -30.6353 -0.2350
46.0200 -30.6486 -0.2342
46.0400 -30.6619 -0.2341
46.0600 -30.6752 -0.2287
46.0800 -30.6885 -0.2303
46.1000 -30.7019 -0.2289
46.1200 -30.7153 -0.2283
46.1400 -30.7286 -0.2270
46.1600 -30.7419 -0.2268
46.1800 -30.7553 -0.2223
46.2000 -30.7686 -0.2237
46.2200 -30.7819 -0.2255
46.2400 -30.7952 -0.2229
46.2600 -30.8085 -0.2216
46.2800 -30.8219 -0.2227
46.3000 -30.8353 -0.2185
46.3200 -30.8486 -0.2190
46.3400 -30.8619 -0.2197
46.3600 -30.8753 -0.2188
46.3800 -30.8886 -0.2184
46.4000 -30.9020 -0.2176
46.4200 -30.9152 -0.2158
46.4400 -30.9286 -0.2140
46.4600 -30.9419 -0.2167
46.4800 -30.9553 -0.2135
46.5000 -30.9686 -0.2146
46.5200 -30.9819 -0.2148
46.5400 -30.9953 -0.2129
46.5600 -31.0086 -0.2112
46.5800 -31.0220 -0.2107
46.6000 -31.0353 -0.2080
46.6200 -31.0486 -0.2062
46.6400 -31.0620 -0.2071
46.6600 -31.0753 -0.2079
46.6800 -31.0887 -0.2090
46.7000 -31.1019 -0.2086
46.7200 -31.1153 -0.2050
46.7400 -31.1286 -0.2045
46.7600 -31.1419 -0.2046
46.7800 -31.1552 -0.2016
46.8000 -31.1685 -0.2012
46.8200 -31.1819 -0.2006
46.8400 -31.1952 -0.2006
46.8600 -31.2086 -0.1993
46.8800 -31.2219 -0.2009
46.9000 -31.2352 -0.1981
46.9200 -31.2486 -0.1986
46.9400 -31.2620 -0.1974
46.9600 -31.2753 -0.1967
46.9800 -31.2886 -0.1927
47.0000 -31.3020 -0.1930
47.0200 -31.3153 -0.1909
47.0400 -31.3286 -0.1918
47.0600 -31.3419 -0.1922
47.0800 -31.3553 -0.1904
47.1000 -31.3686 -0.1882
47.1200 -31.3820 -0.1895
47.1400 -31.3952 -0.1853
47.1600 -31.4085 -0.1859
47.1800 -31.4219 -0.1846
47.2000 -31.4353 -0.1830
47.2200 -31.4486 -0.1809
47.2400 -31.4619 -0.1823
47.2600 -31.4752 -0.1784
47.2800 -31.4886 -0.1772
47.3000 -31.5020 -0.1808
47.3200 -31.5153 -0.1773
47.3400 -31.5286 -0.1763
47.3600 -31.5419 -0.1753
47.3800 -31.5553 -0.1720
47.4000 -31.5686 -0.1688
47.4200 -31.5819 -0.1697
47.4400 -31.5953 -0.1683
47.4600 -31.6086 -0.1678
47.4800 -31.6220 -0.1674
47.5000 -31.6352 -0.1660
47.5200 -31.6486 -0.1634
47.5400 -31.6619 -0.1651
47.5600 -31.6752 -0.1616
47.5800 -31.6886 -0.1616
47.6000 -31.7019 -0.1604
47.6200 -31.7153 -0.1592
47.6400 -31.7287 -0.1570
47.6600 -31.7420 -0.1578
47.6800 -31.7553 -0.1542
47.7000 -31.7686 -0.1539
47.7200 -31.7819 -0.1531
47.7400 -31.7953 -0.1523
47.7600 -31.8086 -0.1504
47.7800 -31.8219 -0.1519
47.8000 -31.8352 -0.1492
47.8200 -31.8486 -0.1475
47.8400 -31.8619 -0.1480
47.8600 -31.8752 -0.1464
47.8800 -31.8885 -0.1441
47.9000 -31.9019 -0.1468
47.9200 -31.9153 -0.1430
47.9400 -31.9286 -0.1397
47.9600 -31.9419 -0.1414
47.9800 -31.9553 -0.1402
48.0000 -31.9686 -0.1390
48.0200 -31.9820 -0.1367
48.0400 -31.9953 -0.1362
48.0600 -32.0086 -0.1320
48.0800 -32.0219 -0.1349
48.1000 -32.0353 -0.1326
48.1200 -32.0486 -0.1317
48.1400 -32.0619 -0.1310
48.1600 -32.0752 -0.1298
48.1800 -32.0886 -0.1280
48.2000 -32.1019 -0.1297
48.2200 -32.1152 -0.1269
48.2400 -32.1285 -0.1243
48.2600 -32.1419 -0.1239
48.2800 -32.1553 -0.1253
48.3000 -32.1686 -0.1215
48.3200 -32.1819 -0.1243
48.3400 -32.1952 -0.1217
48.3600 -32.2086 -0.1211
48.3800 -32.2220 -0.1169
48.4000 -32.2353 -0.1069
48.4200 -32.2486 -0.1027
48.4400 -32.2619 -0.1042
48.4600 -32.2753 -0.1029
48.4800 -32.2887 -0.1028
48.5000 -32.3020 -0.1055
48.5200 -32.3153 -0.1032
48.5400 -32.3287 -0.1028
48.5600 -32.3420 -0.1009
48.5800 -32.3553 -0.1021
48.6000 -32.3686 -0.0982
48.6200 -32.3819 -0.1000
48.6400 -32.3952 -0.0974
48.6600 -32.4085 -0.0969
48.6800 -32.4218 -0.0974
48.7000 -32.4352 -0.0958
48.7200 -32.4486 -0.0944
48.7400 -32.4620 -0.0973
48.7600 -32.4753 -0.0951
48.7800 -32.4886 -0.0943
48.8000 -32.5020 -0.0945
48.8200 -32.5154 -0.0904
48.8400 -32.5287 -0.0894
48.8600 -32.5420 -0.0900
48.8800 -32.5553 -0.0891
48.9000 -32.5686 -0.0862
48.9200 -32.5819 -0.0864
48.9400 -32.5952 -0.0844
48.9600 -32.6086 -0.0855
48.9800 -32.6219 -0.0868
49.0000 -32.6353 -0.0848
49.0200 -32.6486 -0.0808
49.0400 -32.6619 -0.0807
49.0600 -32.6752 -0.0794
49.0800 -32.6886 -0.0803
49.1000 -32.7020 -0.0800
49.1200 -32.7153 -0.0798
49.1400 -32.7286 -0.0770
49.1600 -32.7419 -0.0787
49.1800 -32.7553 -0.0749
49.2000 -32.7686 -0.0740
49.2200 -32.7820 -0.0766
49.2400 -32.7953 -0.0754
49.2600 -32.8086 -0.0701
49.2800 -32.8219 -0.0723
49.3000 -32.8352 -0.0677
49.3200 -32.8485 -0.0677
49.3400 -32.8619 -0.0669
49.3600 -32.8752 -0.0667
49.3800 -32.8886 -0.0639
49.4000 -32.9019 -0.0665
49.4200 -32.9152 -0.0642
49.4400 -32.9286 -0.0649
49.4600 -32.9420 -0.0649
49.4800 -32.9553 -0.0640
49.5000 -32.9686 -0.0611
49.5200 -32.9820 -0.0628
49.5400 -32.9953 -0.0619
49.5600 -33.0087 -0.0585
49.5800 -33.0220 -0.0606
49.6000 -33.0353 -0.0594
49.6200 -33.0486 -0.0561
49.6400 -33.0619 -0.0575
49.6600 -33.0752 -0.0607
49.6800 -33.0885 -0.0566
49.7000 -33.1018 -0.0592
49.7200 -33.1152 -0.0570
49.7400 -33.1286 -0.0572
49.7600 -33.1419 -0.0561
49.7800 -33.1552 -0.0564
49.8000 -33.1686 -0.0526
49.8200 -33.1820 -0.0534
49.8400 -33.1953 -0.0508
49.8600 -33.2086 -0.0494
49.8800 -33.2220 -0.0503
49.9000 -33.2353 -0.0490
49.9200 -33.2487 -0.0457
49.9400 -33.2620 -0.0468
49.9600 -33.2753 -0.0445
49.9800 -33.2886 -0.0431
50.0000 -33.3020 -0.0428
50.0200 -33.3153 -0.0444
50.0400 -33.3286 -0.0414
50.0600 -33.3419 -0.0427
50.0800 -33.3553 -0.0376
50.1000 -33.3686 -0.0360
50.1200 -33.3819 -0.0374
50.1400 -33.3952 -0.0360
50.1600 -33.4086 -0.0348
50.1800 -33.4219 -0.0342
50.2000 -33.4353 -0.0329
50.2200 -33.4486 -0.0314
50.2400 -33.4619 -0.0323
50.2600 -33.4753 -0.0305
50.2800 -33.4887 -0.0287
50.3000 -33.5020 -0.0286
50.3200 -33.5153 -0.0281
50.3400 -33.5286 -0.0257
50.3600 -33.5420 -0.0259
50.3800 -33.5553 -0.0240
50.4000 -33.5685 -0.0221
50.4200 -33.5819 -0.0215
50.4400 -33.5952 -0.0224
50.4600 -33.6086 -0.0198
50.4800 -33.6219 -0.0201
50.5000 -33.6352 -0.0193
50.5200 -33.6486 -0.0174
50.5400 -33.6619 -0.0181
50.5600 -33.6753 -0.0184
50.5800 -33.6886 -0.0151
50.6000 -33.7019 -0.0158
50.6200 -33.7153 -0.0150
50.6400 -33.7287 -0.0134
50.6600 -33.7420 -0.0165
50.6800 -33.7553 -0.0148
50.7000 -33.7686 -0.0131
50.7200 -33.7820 -0.0102
50.7400 -33.7953 -0.0120
50.7600 -33.8085 -0.0082
50.7800 -33.8218 -0.0105
50.8000 -33.8352 -0.0096
50.8200 -33.8486 -0.0082
50.8400 -33.8619 -0.0071
50.8600 -33.8752 -0.0088
50.8800 -33.8886 -0.0038
50.9000 -33.9020 -0.0040
50.9200 -33.9153 -0.0032
50.9400 -33.9286 -0.0021
50.9600 -33.9420 -0.0007
50.9800 -33.9553 -0.0014
51.0000 -33.9687 0.0009
51.0200 -33.9820 0.0013
51.0400 -33.9953 0.0019
51.0600 -34.0085 0.0061
51.0800 -34.0219 0.0047
51.1000 -34.0352 0.0060
51.1200 -34.0485 0.0087
51.1400 -34.0618 0.0092
51.1600 -34.0752 0.0084
51.1800 -34.0886 0.0131
51.2000 -34.1019 0.0124
51.2200 -34.1153 0.0134
51.2400 -34.1286 0.0163
51.2600 -34.1420 0.0188
51.2800 -34.1554 0.0167
51.3000 -34.1687 0.0212
51.3200 -34.1820 0.0220
51.3400 -34.1953 0.0231
51.3600 -34.2087 0.0254
51.3800 -34.2220 0.0249
51.4000 -34.2353 0.0259
51.4200 -34.2486 0.0310
51.4400 -34.2619 0.0306
51.4600 -34.2753 0.0344
51.4800 -34.2886 0.0344
51.5000 -34.3019 0.0355
51.5200 -34.3153 0.0344
51.5400 -34.3286 0.0359
51.5600 -34.3419 0.0334
51.5800 -34.3553 0.0327
51.6000 -34.3686 0.0370
51.6200 -34.3820 0.0385
51.6400 -34.3953 0.0393
51.6600 -34.4086 0.0438
51.6800 -34.4219 0.0406
51.7000 -34.4353 0.0403
51.7200 -34.4486 0.0427
51.7400 -34.4619 0.0419
51.7600 -34.4752 0.0406
51.7800 -34.4886 0.0439
51.8000 -34.5019 0.0430
51.8200 -34.5153 0.0430
51.8400 -34.5285 0.0451
51.8600 -34.5418 0.0449
51.8800 -34.5551 0.0409
51.9000 -34.5685 0.0444
51.9200 -34.5819 0.0429
51.9400 -34.5952 0.0403
51.9600 -34.6086 0.0440
51.9800 -34.6220 0.0434
52.0000 -34.6353 0.0460
52.0200 -34.6486 0.0457
52.0400 -34.6619 0.0477
52.0600 -34.6753 0.0437
52.0800 -34.6886 0.0487
52.1000 -34.7019 0.0446
52.1200 -34.7152 0.0452
52.1400 -34.7286 0.0468
52.1600 -34.7419 0.0475
52.1800 -34.7552 0.0476
52.2000 -34.7685 0.0502
52.2200 -34.7818 0.0488
52.2400 -34.7952 0.0502
52.2600 -34.8086 0.0516
52.2800 -34.8220 0.0522
52.3000 -34.8353 0.0525
52.3200 -34.8486 0.0537
52.3400 -34.8620 0.0543
52.3600 -34.8753 0.0521
52.3800 -34.8886 0.0566
52.4000 -34.9019 0.0548
52.4200 -34.9153 0.0570
52.4400 -34.9287 0.0583
52.4600 -34.9420 0.0596
52.4800 -34.9553 0.0581
52.5000 -34.9686 0.0632
52.5200 -34.9819 0.0625
52.5400 -34.9953 0.0648
52.5600 -35.0085 0.0652
52.5800 -35.0218 0.0665
52.6000 -35.0352 0.0673
52.6200 -35.0486 0.0704
52.6400 -35.0619 0.0691
52.6600 -35.0752 0.0682
52.6800 -35.0886 0.0728
52.7000 -35.1020 0.0752
52.7200 -35.1154 0.0778
52.7400 -35.1287 0.0775
52.7600 -35.1420 0.0794
52.7800 -35.1553 0.0776
52.8000 -35.1687 0.0824
52.8200 -35.1820 0.0823
52.8400 -35.1953 0.0854
52.8600 -35.2086 0.0862
52.8800 -35.2219 0.0888
52.9000 -35.2352 0.0869
52.9200 -35.2485 0.0918
52.9400 -35.2618 0.0923
52.9600 -35.2752 0.0931
52.9800 -35.2886 0.0959
53.0000 -35.3019 0.0989
53.0200 -35.3152 0.0967
53.0400 -35.3286 0.0990
53.0600 -35.3420 0.0981
53.0800 -35.3553 0.1001
53.1000 -35.3687 0.1007
53.1200 -35.3820 0.1029
53.1400 -35.3953 0.1016
53.1600 -35.4086 0.1053
53.1800 -35.4220 0.1065
53.2000 -35.4353 0.1055
53.2200 -35.4486 0.1060
53.2400 -35.4619 0.1083
53.2600 -35.4752 0.1091
53.2800 -35.4885 0.1122
53.3000 -35.5019 0.1110
53.3200 -35.5152 0.1118
53.3400 -35.5286 0.1128
53.3600 -35.5420 0.1159
53.3800 -35.5553 0.1153
53.4000 -35.5686 0.1178
53.4200 -35.5820 0.1210
53.4400 -35.5953 0.1196
53.4600 -35.6086 0.1229
53.4800 -35.6219 0.1208
53.5000 -35.6352 0.1213
53.5200 -35.6486 0.1229
53.5400 -35.6619 0.1259
53.5600 -35.6753 0.1236
53.5800 -35.6886 0.1266
53.6000 -35.7019 0.1275
53.6200 -35.7153 0.1281
53.6400 -35.7286 0.1274
53.6600 -35.7419 0.1283
53.6800 -35.7552 0.1284
53.7000 -35.7686 0.1307
53.7200 -35.7819 0.1328
53.7400 -35.7952 0.1315
53.7600 -35.8086 0.1337
53.7800 -35.8220 0.1338
53.8000 -35.8353 0.1339
53.8200 -35.8487 0.1368
53.8400 -35.8620 0.1377
53.8600 -35.8753 0.1365
53.8800 -35.8887 0.1388
53.9000 -35.9020 0.1406
53.9200 -35.9153 0.1392
53.9400 -35.9286 0.1417
53.9600 -35.9420 0.1425
53.9800 -35.9553 0.1407
54.0000 -35.9686 0.1438
54.0200 -35.9819 0.1439
54.0400 -35.9952 0.1439
54.0600 -36.0086 0.1475
54.0800 -36.0219 0.1467
54.1000 -36.0352 0.1483
54.1200 -36.0486 0.1509
54.1400 -36.0619 0.1534
54.1600 -36.0753 0.1544
54.1800 -36.0886 0.1550
54.2000 -36.1019 0.1566
54.2200 -36.1152 0.1567
54.2400 -36.1286 0.1590
54.2600 -36.1420 0.1599
54.2800 -36.1553 0.1605
54.3000 -36.1686 0.1622
54.3200 -36.1819 0.1638
54.3400 -36.1953 0.1619
54.3600 -36.2086 0.1660
54.3800 -36.2219 0.1674
54.4000 -36.2352 0.1663
54.4200 -36.2486 0.1670
54.4400 -36.2619 0.1690
54.4600 -36.2752 0.1671
54.4800 -36.2885 0.1707
54.5000 -36.3019 0.1742
54.5200 -36.3153 0.1726
54.5400 -36.3286 0.1752
54.5600 -36.3419 0.1754
54.5800 -36.3553 0.1751
54.6000 -36.3686 0.1758
54.6200 -36.3820 0.1768
54.6400 -36.3953 0.1763
54.6600 -36.4086 0.1790
54.6800 -36.4219 0.1789
54.7000 -36.4353 0.1819
54.7200 -36.4486 0.1818
54.7400 -36.4619 0.1832
54.7600 -36.4752 0.1822
54.7800 -36.4886 0.1846
54.8000 -36.5019 0.1850
54.8200 -36.5153 0.1844
54.8400 -36.5286 0.1870
54.8600 -36.5420 0.1901
54.8800 -36.5553 0.1889
54.9000 -36.5687 0.1912
54.9200 -36.5819 0.1927
54.9400 -36.5953 0.1934
54.9600 -36.6086 0.1932
54.9800 -36.6219 0.1963
55.0000 -36.6353 0.1961
55.0200 -36.6486 0.1974
55.0400 -36.6619 0.1998
55.0600 -36.6753 0.2007
55.0800 -36.6886 0.2012
55.1000 -36.7019 0.2026
55.1200 -36.7152 0.1999
55.1400 -36.7286 0.2008
55.1600 -36.7420 0.2064
55.1800 -36.7553 0.2042
55.2000 -36.7686 0.2085
55.2200 -36.7819 0.2072
55.2400 -36.7953 0.2094
55.2600 -36.8087 0.2073
55.2800 -36.8219 0.2118
55.3000 -36.8353 0.2104
55.3200 -36.8486 0.2134
55.3400 -36.8620 0.2151
55.3600 -36.8753 0.2145
55.3800 -36.8886 0.2162
55.4000 -36.9019 0.2182
55.4200 -36.9152 0.2190
55.4400 -36.9286 0.2210
55.4600 -36.9419 0.2213
55.4800 -36.9552 0.2228
55.5000 -36.9686 0.2252
55.5200 -36.9820 0.2257
55.5400 -36.9953 0.2248
55.5600 -37.0086 0.2263
55.5800 -37.0219 0.2300
55.6000 -37.0353 0.2299
55.6200 -37.0487 0.2307
55.6400 -37.0619 0.2323
55.6600 -37.0752 0.2329
55.6800 -37.0886 0.2333
55.7000 -37.1020 0.2352
55.7200 -37.1153 0.2347
55.7400 -37.1286 0.2350
55.7600 -37.1420 0.2378
55.7800 -37.1553 0.2401
55.8000 -37.1686 0.2409
55.8200 -37.1819 0.2412
55.8400 -37.1952 0.2419
55.8600 -37.2085 0.2419
55.8800 -37.2219 0.2462
55.9000 -37.2352 0.2451
55.9200 -37.2485 0.2476
55.9400 -37.2619 0.2484
55.9600 -37.2753 0.2487
55.9800 -37.2886 0.2502
56.0000 -37.3020 0.2514
56.0200 -37.3153 0.2525
56.0400 -37.3287 0.2531
56.0600 -37.3420 0.2566
56.0800 -37.3553 0.2558
56.1000 -37.3686 0.2565
56.1200 -37.3819 0.2576
56.1400 -37.3953 0.2579
56.1600 -37.4086 0.2596
56.1800 -37.4219 0.2635
56.2000 -37.4352 0.2637
56.2200 -37.4485 0.2661
56.2400 -37.4619 0.2669
56.2600 -37.4753 0.2678
56.2800 -37.4886 0.2691
56.3000 -37.5019 0.2693
56.3200 -37.5153 0.2721
56.3400 -37.5287 0.2724
56.3600 -37.5420 0.2747
56.3800 -37.5553 0.2732
56.4000 -37.5686 0.2745
56.4200 -37.5820 0.2765
56.4400 -37.5953 0.2773
56.4600 -37.6086 0.2779
56.4800 -37.6219 0.2796
56.5000 -37.6353 0.2777
56.5200 -37.6486 0.2819
56.5400 -37.6619 0.2837
56.5600 -37.6752 0.2834
56.5800 -37.6885 0.2848
56.6000 -37.7019 0.2872
56.6200 -37.7153 0.2884
56.6400 -37.7286 0.2894
56.6600 -37.7419 0.2932
56.6800 -37.7553 0.2917
56.7000 -37.7686 0.2941
56.7200 -37.7820 0.2945
56.7400 -37.7953 0.2966
56.7600 -37.8087 0.2986
56.7800 -37.8220 0.2997
56.8000 -37.8353 0.2983
56.8200 -37.8486 0.3022
56.8400 -37.8619 0.3012
56.8600 -37.8753 0.3029
56.8800 -37.8886 0.3040
56.9000 -37.9019 0.3075
56.9200 -37.9152 0.3071
56.9400 -37.9285 0.3078
56.9600 -37.9419 0.3085
56.9800 -37.9552 0.3097
57.0000 -37.9686 0.3102
57.0200 -37.9819 0.3121
57.0400 -37.9953 0.3135
57.0600 -38.0087 0.3143
57.0800 -38.0220 0.3140
57.1000 -38.0353 0.3167
57.1200 -38.0486 0.3161
57.1400 -38.0620 0.3187
57.1600 -38.0753 0.3182
57.1800 -38.0886 0.3166
57.2000 -38.1019 0.3194
57.2200 -38.1153 0.3227
57.2400 -38.1286 0.3229
57.2600 -38.1419 0.3247
57.2800 -38.1552 0.3246
57.3000 -38.1686 0.3263
57.3200 -38.1819 0.3294
57.3400 -38.1953 0.3310
57.3600 -38.2086 0.3309
57.3800 -38.2219 0.3319
57.4000 -38.2353 0.3343
57.4200 -38.2486 0.3344
57.4400 -38.2619 0.3371
57.4600 -38.2753 0.3369
57.4800 -38.2886 0.3384
57.5000 -38.3020 0.3404
57.5200 -38.3153 0.3426
57.5400 -38.3286 0.3445
57.5600 -38.3420 0.3449
57.5800 -38.3553 0.3460
57.6000 -38.3686 0.3471
57.6200 -38.3819 0.3484
57.6400 -38.3952 0.3501
57.6600 -38.4085 0.3505
57.6800 -38.4219 0.3516
57.7000 -38.4352 0.3527
57.7200 -38.4486 0.3530
57.7400 -38.4619 0.3558
57.7600 -38.4753 0.3580
57.7800 -38.4886 0.3572
57.8000 -38.5020 0.3591
57.8200 -38.5153 0.3582
57.8400 -38.5286 0.3604
57.8600 -38.5420 0.3625
57.8800 -38.5553 0.3621
57.9000 -38.5686 0.3629
57.9200 -38.5820 0.3636
57.9400 -38.5953 0.3670
57.9600 -38.6086 0.3654
57.9800 -38.6219 0.3675
58.0000 -38.6352 0.3678
58.0200 -38.6485 0.3686
58.0400 -38.6619 0.3689
58.0600 -38.6752 0.3724
58.0800 -38.6886 0.3725
58.1000 -38.7019 0.3751
58.1200 -38.7153 0.3757
58.1400 -38.7287 0.3763
58.1600 -38.7420 0.3782
58.1800 -38.7553 0.3795
58.2000 -38.7686 0.3797
58.2200 -38.7820 0.3825
58.2400 -38.7953 0.3841
58.2600 -38.8086 0.3821
58.2800 -38.8219 0.3851
58.3000 -38.8352 0.3864
58.3200 -38.8485 0.3888
58.3400 -38.8618 0.3894
58.3600 -38.8752 0.3912
58.3800 -38.8885 0.3910
58.4000 -38.9019 0.3939
58.4200 -38.9153 0.3945
58.4400 -38.9286 0.3984
58.4600 -38.9419 0.4005
58.4800 -38.9553 0.3999
58.5000 -38.9687 0.3998
58.5200 -38.9820 0.4019
58.5400 -38.9953 0.4035
58.5600 -39.0086 0.4034
58.5800 -39.0220 0.4076
58.6000 -39.0353 0.4094
58.6200 -39.0486 0.4096
58.6400 -39.0619 0.4125
58.6600 -39.0753 0.4121
58.6800 -39.0886 0.4137
58.7000 -39.1019 0.4161
58.7200 -39.1152 0.4163
58.7400 -39.1285 0.4167
58.7600 -39.1419 0.4188
58.7800 -39.1553 0.4191
58.8000 -39.1686 0.4199
58.8200 -39.1819 0.4223
58.8400 -39.1953 0.4238
58.8600 -39.2086 0.4233
58.8800 -39.2220 0.4263
58.9000 -39.2353 0.4290
58.9200 -39.2486 0.4310
58.9400 -39.2619 0.4327
58.9600 -39.2753 0.4343
58.9800 -39.2886 0.4351
59.0000 -39.3019 0.4336
59.0200 -39.3153 0.4369
59.0400 -39.3286 0.4379
59.0600 -39.3419 0.4396
59.0800 -39.3552 0.4406
59.1000 -39.3685 0.4420
59.1200 -39.3819 0.4417
59.1400 -39.3953 0.4447
59.1600 -39.4086 0.4433
59.1800 -39.4219 0.4483
59.2000 -39.4353 0.4466
59.2200 -39.4487 0.4502
59.2400 -39.4620 0.4505
59.2600 -39.4753 0.4535
59.2800 -39.4886 0.4536
59.3000 -39.5020 0.4550
59.3200 -39.5153 0.4571
59.3400 -39.5286 0.4565
59.3600 -39.5419 0.4576
59.3800 -39.5552 0.4599
59.4000 -39.5686 0.4606
59.4200 -39.5819 0.4617
59.4400 -39.5952 0.4611
59.4600 -39.6085 0.4615
59.4800 -39.6219 0.4644
59.5000 -39.6353 0.4648
59.5200 -39.6486 0.4682
59.5400 -39.6619 0.4681
59.5600 -39.6753 0.4706
59.5800 -39.6886 0.4689
59.6000 -39.7020 0.4739
59.6200 -39.7153 0.4724
59.6400 -39.7286 0.4764
59.6600 -39.7420 0.4746
59.6800 -39.7553 0.4796
59.7000 -39.7686 0.4810
59.7200 -39.7819 0.4846
59.7400 -39.7953 0.4826
59.7600 -39.8086 0.4856
59.7800 -39.8219 0.4873
59.8000 -39.8352 0.4895
59.8200 -39.8485 0.4907
59.8400 -39.8619 0.4893
59.8600 -39.8752 0.4906
59.8800 -39.8886 0.4926
59.9000 -39.9019 0.4948
59.9200 -39.9153 0.4952
59.9400 -39.9287 0.4974
59.9600 -39.9420 0.4976
59.9800 -39.9553 0.4982
60.0000 -39.9686 0.4996
60.0200 -39.9820 0.5003
60.0400 -39.9953 0.5031
60.0480 -40.0005 0.5083
