Raw Data
Time Displacement Force
(s) (mm) (N)
0.0000 0.0000 0.0564
0.0200 0.0000 0.0661
0.0400 0.0008 0.0841
0.0600 0.0040 0.0976
0.0800 0.0094 0.0631
0.1000 0.0152 0.0439
0.1200 0.0211 0.0820
0.1400 0.0277 0.0700
0.1600 0.0350 0.0478
0.1800 0.0425 0.0671
0.2000 0.0496 0.0583
0.2200 0.0565 0.0523
0.2400 0.0632 0.0720
0.2600 0.0699 0.0633
0.2800 0.0765 0.0572
0.3000 0.0832 0.0733
0.3200 0.0900 0.0612
0.3400 0.0967 0.0655
0.3600 0.1034 0.0681
0.3800 0.1100 0.0640
0.4000 0.1167 0.0683
0.4200 0.1233 0.0722
0.4400 0.1300 0.0685
0.4600 0.1367 0.0709
0.4800 0.1434 0.0733
0.5000 0.1501 0.0696
0.5200 0.1568 0.0750
0.5400 0.1634 0.0778
0.5600 0.1700 0.0712
0.5800 0.1766 0.0777
0.6000 0.1833 0.0788
0.6200 0.1900 0.0778
0.6400 0.1967 0.0819
0.6600 0.2034 0.0833
0.6800 0.2101 0.0804
0.7000 0.2168 0.0848
0.7200 0.2234 0.0852
0.7400 0.2300 0.0857
0.7600 0.2366 0.0907
0.7800 0.2433 0.0857
0.8000 0.2500 0.0849
0.8200 0.2567 0.0968
0.8400 0.2634 0.0897
0.8600 0.2700 0.0887
0.8800 0.2767 0.0965
0.9000 0.2834 0.0933
0.9200 0.2899 0.0940
0.9400 0.2966 0.0966
0.9600 0.3032 0.0932
0.9800 0.3100 0.0966
1.0000 0.3167 0.0962
1.0200 0.3233 0.0896
1.0400 0.3300 0.0985
1.0600 0.3367 0.0982
1.0800 0.3433 0.0934
1.1000 0.3499 0.0950
1.1200 0.3566 0.0982
1.1400 0.3633 0.0955
1.1600 0.3700 0.0968
1.1800 0.3767 0.0998
1.2000 0.3834 0.0940
1.2200 0.3901 0.0961
1.2400 0.3968 0.0987
1.2600 0.4034 0.0912
1.2800 0.4100 0.0941
1.3000 0.4167 0.0937
1.3200 0.4233 0.0903
1.3400 0.4300 0.0937
1.3600 0.4367 0.0976
1.3800 0.4434 0.0858
1.4000 0.4501 0.0961
1.4200 0.4568 0.0952
1.4400 0.4634 0.0831
1.4600 0.4700 0.0967
1.4800 0.4766 0.0932
1.5000 0.4832 0.0815
1.5200 0.4900 0.0949
1.5400 0.4967 0.0897
1.5600 0.5033 0.0778
1.5800 0.5100 0.0896
1.6000 0.5167 0.0862
1.6200 0.5233 0.0784
1.6400 0.5300 0.0860
1.6600 0.5366 0.0812
1.6800 0.5433 0.0769
1.7000 0.5500 0.0851
1.7200 0.5567 0.0737
1.7400 0.5634 0.0741
1.7600 0.5700 0.0837
1.7800 0.5767 0.0738
1.8000 0.5834 0.0725
1.8200 0.5900 0.0773
1.8400 0.5967 0.0717
1.8600 0.6033 0.0719
1.8800 0.6100 0.0765
1.9000 0.6167 0.0721
1.9200 0.6234 0.0690
1.9400 0.6301 0.0708
1.9600 0.6368 0.0677
1.9800 0.6434 0.0643
2.0000 0.6500 0.0686
2.0200 0.6566 0.0699
2.0400 0.6633 0.0643
2.0600 0.6700 0.0719
2.0800 0.6767 0.0617
2.1000 0.6834 0.0661
2.1200 0.6901 0.0664
2.1400 0.6968 0.0638
2.1600 0.7034 0.0640
2.1800 0.7100 0.0634
2.2000 0.7166 0.0626
2.2200 0.7233 0.0661
2.2400 0.7300 0.0616
2.2600 0.7367 0.0581
2.2800 0.7434 0.0662
2.3000 0.7500 0.0629
2.3200 0.7567 0.0557
2.3400 0.7634 0.0620
2.3600 0.7700 0.0603
2.3800 0.7766 0.0585
2.4000 0.7833 0.0625
2.4200 0.7900 0.0571
2.4400 0.7967 0.0626
2.4600 0.8033 0.0650
2.4800 0.8100 0.0546
2.5000 0.8167 0.0603
2.5200 0.8234 0.0616
2.5400 0.8300 0.0540
2.5600 0.8366 0.0645
2.5800 0.8433 0.0609
2.6000 0.8500 0.0539
2.6200 0.8567 0.0624
2.6400 0.8634 0.0615
2.6600 0.8701 0.0553
2.6800 0.8768 0.0647
2.7000 0.8834 0.0591
2.7200 0.8900 0.0524
2.7400 0.8966 0.0630
2.7600 0.9033 0.0621
2.7800 0.9100 0.0530
2.8000 0.9167 0.0579
2.8200 0.9234 0.0560
2.8400 0.9301 0.0556
2.8600 0.9368 0.0606
2.8800 0.9434 0.0552
2.9000 0.9500 0.0523
2.9200 0.9566 0.0624
2.9400 0.9633 0.0556
2.9600 0.9700 0.0547
2.9800 0.9767 0.0601
3.0000 0.9834 0.0530
3.0200 0.9901 0.0530
3.0400 0.9967 0.0568
3.0600 1.0034 0.0493
3.0800 1.0100 0.0519
3.1000 1.0166 0.0534
3.1200 1.0232 0.0521
3.1400 1.0300 0.0503
3.1600 1.0367 0.0507
3.1800 1.0434 0.0521
3.2000 1.0500 0.0517
3.2200 1.0567 0.0502
3.2400 1.0634 0.0484
3.2600 1.0700 0.0518
3.2800 1.0766 0.0498
3.3000 1.0833 0.0511
3.3200 1.0900 0.0422
3.3400 1.0967 0.0478
3.3600 1.1034 0.0447
3.3800 1.1101 0.0463
3.4000 1.1168 0.0484
3.4200 1.1235 0.0472
3.4400 1.1301 0.0414
3.4600 1.1367 0.0485
3.4800 1.1433 0.0439
3.5000 1.1500 0.0469
3.5200 1.1567 0.0439
3.5400 1.1634 0.0421
3.5600 1.1701 0.0455
3.5800 1.1768 0.0432
3.6000 1.1834 0.0396
3.6200 1.1900 0.0448
3.6400 1.1966 0.0416
3.6600 1.2033 0.0432
3.6800 1.2100 0.0462
3.7000 1.2167 0.0375
3.7200 1.2234 0.0361
3.7400 1.2301 0.0465
3.7600 1.2367 0.0380
3.7800 1.2434 0.0409
3.8000 1.2500 0.0438
3.8200 1.2566 0.0317
3.8400 1.2633 0.0438
3.8600 1.2700 0.0457
3.8800 1.2767 0.0351
3.9000 1.2834 0.0429
3.9200 1.2900 0.0455
3.9400 1.2967 0.0318
3.9600 1.3034 0.0435
3.9800 1.3100 0.0422
4.0000 1.3166 0.0293
4.0200 1.3233 0.0436
4.0400 1.3300 0.0418
4.0600 1.3367 0.0336
4.0800 1.3434 0.0425
4.1000 1.3501 0.0376
4.1200 1.3567 0.0328
4.1400 1.3634 0.0420
4.1600 1.3700 0.0375
4.1800 1.3766 0.0330
4.2000 1.3833 0.0464
4.2200 1.3900 0.0370
4.2400 1.3967 0.0328
4.2600 1.4034 0.0420
4.2800 1.4101 0.0342
4.3000 1.4168 0.0355
4.3200 1.4234 0.0385
4.3400 1.4300 0.0312
4.3600 1.4366 0.0358
4.3800 1.4433 0.0375
4.4000 1.4500 0.0325
4.4200 1.4567 0.0299
4.4400 1.4634 0.0398
4.4600 1.4700 0.0312
4.4800 1.4767 0.0305
4.5000 1.4834 0.0392
4.5200 1.4900 0.0283
4.5400 1.4966 0.0280
4.5600 1.5033 0.0386
4.5800 1.5100 0.0322
4.6000 1.5167 0.0288
4.6200 1.5234 0.0353
4.6400 1.5300 0.0309
4.6600 1.5367 0.0254
4.6800 1.5434 0.0308
4.7000 1.5500 0.0315
4.7200 1.5566 0.0242
4.7400 1.5633 0.0321
4.7600 1.5700 0.0297
4.7800 1.5767 0.0231
4.8000 1.5834 0.0269
4.8200 1.5901 0.0320
4.8400 1.5968 0.0248
4.8600 1.6034 0.0291
4.8800 1.6101 0.0248
4.9000 1.6167 0.0190
4.9200 1.6233 0.0298
4.9400 1.6300 0.0281
4.9600 1.6367 0.0187
4.9800 1.6434 0.0272
5.0000 1.6501 0.0224
5.0200 1.6568 0.0160
5.0400 1.6634 0.0267
5.0600 1.6701 0.0280
5.0800 1.6766 0.0152
5.1000 1.6833 0.0264
5.1200 1.6899 0.0234
5.1400 1.6967 0.0159
5.1600 1.7034 0.0284
5.1800 1.7101 0.0218
5.2000 1.7168 0.0139
5.2200 1.7234 0.0265
5.2400 1.7300 0.0184
5.2600 1.7366 0.0147
5.2800 1.7433 0.0234
5.3000 1.7499 0.0183
5.3200 1.7567 0.0111
5.3400 1.7634 0.0255
5.3600 1.7700 0.0166
5.3800 1.7767 0.0152
5.4000 1.7834 0.0221
5.4200 1.7900 0.0090
5.4400 1.7966 0.0191
5.4600 1.8033 0.0220
5.4800 1.8100 0.0092
5.5000 1.8167 0.0103
5.5200 1.8234 0.0181
5.5400 1.8301 0.0128
5.5600 1.8368 0.0113
5.5800 1.8435 0.0181
5.6000 1.8501 0.0101
5.6200 1.8566 0.0044
5.6400 1.8633 0.0199
5.6600 1.8700 0.0143
5.6800 1.8767 0.0097
5.7000 1.8834 0.0128
5.7200 1.8901 0.0091
5.7400 1.8968 0.0085
5.7600 1.9034 0.0151
5.7800 1.9100 0.0048
5.8000 1.9166 0.0090
5.8200 1.9233 0.0153
5.8400 1.9300 0.0028
5.8600 1.9367 0.0046
5.8800 1.9434 0.0164
5.9000 1.9500 0.0037
5.9200 1.9567 0.0064
5.9400 1.9634 0.0067
5.9600 1.9700 0.0058
5.9800 1.9766 0.0067
6.0000 1.9833 0.0104
6.0200 1.9899 0.0082
6.0400 1.9966 0.0074
6.0600 2.0034 0.0093
6.0800 2.0100 0.0038
6.1000 2.0167 0.0042
6.1200 2.0234 0.0097
6.1400 2.0301 0.0017
6.1600 2.0367 0.0009
6.1800 2.0433 0.0099
6.2000 2.0500 0.0009
6.2200 2.0567 0.0005
6.2400 2.0634 0.0078
6.2600 2.0701 0.0016
6.2800 2.0767 0.0019
6.3000 2.0834 0.0054
6.3200 2.0900 -0.0038
6.3400 2.0966 0.0013
6.3600 2.1033 0.0078
6.3800 2.1100 0.0015
6.4000 2.1167 -0.0020
6.4200 2.1234 0.0043
6.4400 2.1301 0.0039
6.4600 2.1367 0.0001
6.4800 2.1434 0.0023
6.5000 2.1501 0.0004
6.5200 2.1567 -0.0032
6.5400 2.1633 0.0010
6.5600 2.1700 -0.0003
6.5800 2.1767 0.0031
6.6000 2.1834 0.0009
6.6200 2.1900 0.0047
6.6400 2.1967 -0.0061
6.6600 2.2034 -0.0002
6.6800 2.2101 0.0022
6.7000 2.2167 -0.0048
6.7200 2.2233 0.0031
6.7400 2.2299 -0.0015
6.7600 2.2366 -0.0065
6.7800 2.2433 -0.0020
6.8000 2.2500 -0.0025
6.8200 2.2567 -0.0070
6.8400 2.2634 0.0031
6.8600 2.2701 -0.0050
6.8800 2.2767 -0.0078
6.9000 2.2833 0.0012
6.9200 2.2900 -0.0070
6.9400 2.2967 -0.0041
6.9600 2.3034 -0.0043
6.9800 2.3101 -0.0065
7.0000 2.3167 -0.0002
7.0200 2.3234 -0.0052
7.0400 2.3301 -0.0055
7.0600 2.3367 -0.0029
7.0800 2.3433 -0.0031
7.1000 2.3500 -0.0064
7.1200 2.3567 -0.0038
7.1400 2.3634 -0.0075
7.1600 2.3701 -0.0038
7.1800 2.3768 -0.0064
7.2000 2.3834 -0.0100
7.2200 2.3901 -0.0025
7.2400 2.3967 -0.0058
7.2600 2.4033 -0.0116
7.2800 2.4099 0.0010
7.3000 2.4167 -0.0067
7.3200 2.4234 -0.0086
7.3400 2.4301 -0.0062
7.3600 2.4368 -0.0126
7.3800 2.4434 -0.0067
7.4000 2.4500 -0.0086
7.4200 2.4567 -0.0136
7.4400 2.4633 -0.0022
7.4600 2.4699 -0.0053
7.4800 2.4766 -0.0103
7.5000 2.4833 -0.0107
7.5200 2.4900 -0.0049
7.5400 2.4967 -0.0114
7.5600 2.5034 -0.0121
7.5800 2.5100 -0.0106
7.6000 2.5167 -0.0120
7.6200 2.5233 -0.0031
7.6400 2.5300 -0.0145
7.6600 2.5367 -0.0120
7.6800 2.5434 -0.0116
7.7000 2.5501 -0.0124
7.7200 2.5568 -0.0146
7.7400 2.5635 -0.0104
7.7600 2.5701 -0.0130
7.7800 2.5767 -0.0163
7.8000 2.5833 -0.0105
7.8200 2.5900 -0.0134
7.8400 2.5967 -0.0160
7.8600 2.6034 -0.0101
7.8800 2.6101 -0.0152
7.9000 2.6168 -0.0131
7.9200 2.6234 -0.0149
7.9400 2.6301 -0.0131
7.9600 2.6367 -0.0140
7.9800 2.6433 -0.0119
8.0000 2.6500 -0.0147
8.0200 2.6566 -0.0158
8.0400 2.6633 -0.0173
8.0600 2.6700 -0.0175
8.0800 2.6767 -0.0083
8.1000 2.6834 -0.0148
8.1200 2.6901 -0.0222
8.1400 2.6967 -0.0135
8.1600 2.7033 -0.0138
8.1800 2.7099 -0.0149
8.2000 2.7166 -0.0163
8.2200 2.7233 -0.0196
8.2400 2.7301 -0.0208
8.2600 2.7368 -0.0178
8.2800 2.7434 -0.0184
8.3000 2.7501 -0.0205
8.3200 2.7567 -0.0172
8.3400 2.7633 -0.0205
8.3600 2.7699 -0.0172
8.3800 2.7766 -0.0219
8.4000 2.7834 -0.0194
8.4200 2.7901 -0.0195
8.4400 2.7967 -0.0229
8.4600 2.8034 -0.0185
8.4800 2.8101 -0.0201
8.5000 2.8167 -0.0248
8.5200 2.8233 -0.0194
8.5400 2.8300 -0.0209
8.5600 2.8367 -0.0195
8.5800 2.8434 -0.0276
8.6000 2.8501 -0.0234
8.6200 2.8567 -0.0223
8.6400 2.8634 -0.0242
8.6600 2.8701 -0.0270
8.6800 2.8767 -0.0214
8.7000 2.8833 -0.0262
8.7200 2.8900 -0.0301
8.7400 2.8966 -0.0192
8.7600 2.9034 -0.0257
8.7800 2.9100 -0.0322
8.8000 2.9167 -0.0196
8.8200 2.9234 -0.0287
8.8400 2.9301 -0.0291
8.8600 2.9367 -0.0228
8.8800 2.9432 -0.0264
8.9000 2.9499 -0.0301
8.9200 2.9566 -0.0232
8.9400 2.9633 -0.0285
8.9600 2.9700 -0.0294
8.9800 2.9767 -0.0208
9.0000 2.9834 -0.0335
9.0200 2.9900 -0.0283
9.0400 2.9967 -0.0257
9.0600 3.0033 -0.0323
9.0800 3.0100 -0.0252
9.1000 3.0167 -0.0254
9.1200 3.0234 -0.0313
9.1400 3.0301 -0.0319
9.1600 3.0367 -0.0259
9.1800 3.0434 -0.0344
9.2000 3.0501 -0.0309
9.2200 3.0567 -0.0237
9.2400 3.0633 -0.0416
9.2600 3.0700 -0.0287
9.2800 3.0766 -0.0224
9.3000 3.0834 -0.0381
9.3200 3.0901 -0.0354
9.3400 3.0968 -0.0251
9.3600 3.1034 -0.0395
9.3800 3.1101 -0.0283
9.4000 3.1167 -0.0273
9.4200 3.1233 -0.0408
9.4400 3.1299 -0.0288
9.4600 3.1366 -0.0288
9.4800 3.1434 -0.0381
9.5000 3.1500 -0.0311
9.5200 3.1567 -0.0304
9.5400 3.1634 -0.0347
9.5600 3.1701 -0.0319
9.5800 3.1767 -0.0336
9.6000 3.1833 -0.0312
9.6200 3.1899 -0.0360
9.6400 3.1966 -0.0389
9.6600 3.2033 -0.0300
9.6800 3.2100 -0.0342
9.7000 3.2167 -0.0387
9.7200 3.2234 -0.0312
9.7400 3.2300 -0.0404
9.7600 3.2367 -0.0350
9.7800 3.2433 -0.0280
9.8000 3.2499 -0.0358
9.8200 3.2566 -0.0351
9.8400 3.2634 -0.0330
9.8600 3.2701 -0.0426
9.8800 3.2768 -0.0357
9.9000 3.2835 -0.0359
9.9200 3.2901 -0.0421
9.9400 3.2967 -0.0362
9.9600 3.3033 -0.0328
9.9800 3.3100 -0.0421
10.0000 3.3167 -0.0358
10.0200 3.3234 -0.0348
10.0400 3.3301 -0.0465
10.0600 3.3368 -0.0384
10.0800 3.3434 -0.0312
10.1000 3.3501 -0.0497
10.1200 3.3567 -0.0371
10.1400 3.3633 -0.0384
10.1600 3.3700 -0.0459
10.1800 3.3766 -0.0388
10.2000 3.3833 -0.0407
10.2200 3.3900 -0.0428
10.2400 3.3967 -0.0391
10.2600 3.4034 -0.0429
10.2800 3.4101 -0.0446
10.3000 3.4167 -0.0363
10.3200 3.4233 -0.0403
10.3400 3.4299 -0.0475
10.3600 3.4366 -0.0390
10.3800 3.4433 -0.0420
10.4000 3.4500 -0.0500
10.4200 3.4567 -0.0385
10.4400 3.4634 -0.0417
10.4600 3.4700 -0.0471
10.4800 3.4767 -0.0401
10.5000 3.4833 -0.0455
10.5200 3.4900 -0.0495
10.5400 3.4967 -0.0359
10.5600 3.5034 -0.0487
10.5800 3.5101 -0.0546
10.6000 3.5167 -0.0405
10.6200 3.5234 -0.0462
10.6400 3.5301 -0.0549
10.6600 3.5368 -0.0385
10.6800 3.5434 -0.0490
10.7000 3.5500 -0.0513
10.7200 3.5566 -0.0393
10.7400 3.5633 -0.0504
10.7600 3.5700 -0.0561
10.7800 3.5767 -0.0433
10.8000 3.5834 -0.0492
10.8200 3.5901 -0.0529
10.8400 3.5967 -0.0434
10.8600 3.6033 -0.0475
10.8800 3.6099 -0.0557
10.9000 3.6166 -0.0447
10.9200 3.6234 -0.0510
10.9400 3.6301 -0.0516
10.9600 3.6367 -0.0501
10.9800 3.6434 -0.0508
11.0000 3.6501 -0.0532
11.0200 3.6567 -0.0493
11.0400 3.6633 -0.0515
11.0600 3.6699 -0.0539
11.0800 3.6766 -0.0486
11.1000 3.6833 -0.0494
11.1200 3.6900 -0.0556
11.1400 3.6967 -0.0529
11.1600 3.7033 -0.0490
11.1800 3.7100 -0.0545
11.2000 3.7167 -0.0566
11.2200 3.7233 -0.0507
11.2400 3.7299 -0.0495
11.2600 3.7366 -0.0546
11.2800 3.7433 -0.0543
11.3000 3.7500 -0.0548
11.3200 3.7567 -0.0537
11.3400 3.7635 -0.0526
11.3600 3.7702 -0.0567
11.3800 3.7768 -0.0564
11.4000 3.7834 -0.0541
11.4200 3.7900 -0.0519
11.4400 3.7966 -0.0568
11.4600 3.8034 -0.0551
11.4800 3.8101 -0.0533
11.5000 3.8168 -0.0600
11.5200 3.8234 -0.0565
11.5400 3.8301 -0.0527
11.5600 3.8367 -0.0553
11.5800 3.8433 -0.0581
11.6000 3.8500 -0.0545
11.6200 3.8566 -0.0569
11.6400 3.8633 -0.0553
11.6600 3.8700 -0.0567
11.6800 3.8767 -0.0611
11.7000 3.8834 -0.0560
11.7200 3.8901 -0.0562
11.7400 3.8967 -0.0623
11.7600 3.9033 -0.0570
11.7800 3.9099 -0.0528
11.8000 3.9166 -0.0613
11.8200 3.9233 -0.0546
11.8400 3.9300 -0.0583
11.8600 3.9367 -0.0661
11.8800 3.9434 -0.0515
11.9000 3.9501 -0.0544
11.9200 3.9567 -0.0726
11.9400 3.9633 -0.0510
11.9600 3.9699 -0.0535
11.9800 3.9766 -0.0676
12.0000 3.9833 -0.0556
12.0200 3.9900 -0.0550
12.0400 3.9967 -0.0675
12.0600 4.0034 -0.0548
12.0800 4.0101 -0.0652
12.1000 4.0168 -0.0692
12.1200 4.0234 -0.0512
12.1400 4.0300 -0.0664
12.1600 4.0366 -0.0705
12.1800 4.0434 -0.0497
12.2000 4.0501 -0.0671
12.2200 4.0568 -0.0668
12.2400 4.0634 -0.0573
12.2600 4.0701 -0.0688
12.2800 4.0768 -0.0618
12.3000 4.0834 -0.0576
12.3200 4.0900 -0.0681
12.3400 4.0966 -0.0605
12.3600 4.1033 -0.0552
12.3800 4.1100 -0.0698
12.4000 4.1167 -0.0656
12.4200 4.1234 -0.0549
12.4400 4.1301 -0.0697
12.4600 4.1367 -0.0668
12.4800 4.1434 -0.0622
12.5000 4.1499 -0.0677
12.5200 4.1566 -0.0658
12.5400 4.1633 -0.0656
12.5600 4.1700 -0.0687
12.5800 4.1767 -0.0644
12.6000 4.1834 -0.0618
12.6200 4.1901 -0.0739
12.6400 4.1967 -0.0654
12.6600 4.2034 -0.0613
12.6800 4.2100 -0.0692
12.7000 4.2167 -0.0669
12.7200 4.2233 -0.0649
12.7400 4.2300 -0.0678
12.7600 4.2367 -0.0654
12.7800 4.2434 -0.0667
12.8000 4.2501 -0.0631
12.8200 4.2568 -0.0718
12.8400 4.2634 -0.0678
12.8600 4.2700 -0.0682
12.8800 4.2766 -0.0704
12.9000 4.2833 -0.0660
12.9200 4.2900 -0.0656
12.9400 4.2967 -0.0720
12.9600 4.3034 -0.0708
12.9800 4.3101 -0.0647
13.0000 4.3168 -0.0729
13.0200 4.3234 -0.0733
13.0400 4.3300 -0.0644
13.0600 4.3366 -0.0727
13.0800 4.3433 -0.0691
13.1000 4.3501 -0.0713
13.1200 4.3567 -0.0756
13.1400 4.3634 -0.0662
13.1600 4.3701 -0.0704
13.1800 4.3767 -0.0760
13.2000 4.3834 -0.0688
13.2200 4.3900 -0.0689
13.2400 4.3966 -0.0750
13.2600 4.4033 -0.0675
13.2800 4.4100 -0.0695
13.3000 4.4167 -0.0747
13.3200 4.4234 -0.0669
13.3400 4.4301 -0.0757
13.3600 4.4368 -0.0742
13.3800 4.4434 -0.0721
13.4000 4.4500 -0.0712
13.4200 4.4566 -0.0734
13.4400 4.4633 -0.0725
13.4600 4.4701 -0.0719
13.4800 4.4768 -0.0775
13.5000 4.4835 -0.0704
13.5200 4.4901 -0.0732
13.5400 4.4968 -0.0705
13.5600 4.5034 -0.0769
13.5800 4.5100 -0.0730
13.6000 4.5166 -0.0707
13.6200 4.5233 -0.0763
13.6400 4.5301 -0.0768
13.6600 4.5367 -0.0736
13.6800 4.5434 -0.0760
13.7000 4.5500 -0.0747
13.7200 4.5566 -0.0765
13.7400 4.5633 -0.0757
13.7600 4.5699 -0.0782
13.7800 4.5766 -0.0737
13.8000 4.5833 -0.0771
13.8200 4.5900 -0.0784
13.8400 4.5967 -0.0720
13.8600 4.6034 -0.0792
13.8800 4.6101 -0.0779
13.9000 4.6168 -0.0742
13.9200 4.6234 -0.0842
13.9400 4.6300 -0.0753
13.9600 4.6366 -0.0726
13.9800 4.6433 -0.0848
14.0000 4.6500 -0.0748
14.0200 4.6567 -0.0741
14.0400 4.6634 -0.0876
14.0600 4.6701 -0.0752
14.0800 4.6767 -0.0705
14.1000 4.6834 -0.0903
14.1200 4.6900 -0.0765
14.1400 4.6966 -0.0752
14.1600 4.7033 -0.0831
14.1800 4.7100 -0.0796
14.2000 4.7167 -0.0763
14.2200 4.7234 -0.0888
14.2400 4.7301 -0.0772
14.2600 4.7368 -0.0778
14.2800 4.7434 -0.0856
14.3000 4.7500 -0.0819
14.3200 4.7566 -0.0737
14.3400 4.7633 -0.0825
14.3600 4.7700 -0.0861
14.3800 4.7767 -0.0756
14.4000 4.7834 -0.0811
14.4200 4.7901 -0.0875
14.4400 4.7968 -0.0773
14.4600 4.8034 -0.0894
14.4800 4.8100 -0.0837
14.5000 4.8165 -0.0719
14.5200 4.8232 -0.0911
14.5400 4.8299 -0.0871
14.5600 4.8366 -0.0735
14.5800 4.8434 -0.0888
14.6000 4.8501 -0.0892
14.6200 4.8568 -0.0746
14.6400 4.8634 -0.0925
14.6600 4.8700 -0.0877
14.6800 4.8766 -0.0724
14.7000 4.8833 -0.0941
14.7200 4.8900 -0.0830
14.7400 4.8967 -0.0752
14.7600 4.9034 -0.0998
14.7800 4.9100 -0.0815
14.8000 4.9167 -0.0779
14.8200 4.9234 -0.0979
14.8400 4.9300 -0.0798
14.8600 4.9367 -0.0789
14.8800 4.9433 -0.1000
14.9000 4.9500 -0.0730
14.9200 4.9567 -0.0902
14.9400 4.9634 -0.0961
14.9600 4.9701 -0.0734
14.9800 4.9768 -0.0934
15.0000 4.9834 -0.0996
15.0200 4.9900 -0.0708
15.0400 4.9966 -0.0968
15.0600 5.0033 -0.0934
15.0800 5.0100 -0.0706
15.1000 5.0167 -0.1002
15.1200 5.0234 -0.0927
15.1400 5.0301 -0.0711
15.1600 5.0368 -0.1042
15.1800 5.0434 -0.0888
15.2000 5.0500 -0.0804
15.2200 5.0566 -0.1027
15.2400 5.0633 -0.0874
15.2600 5.0700 -0.0862
15.2800 5.0767 -0.1031
15.3000 5.0834 -0.0836
15.3200 5.0900 -0.0902
15.3400 5.0967 -0.1020
15.3600 5.1033 -0.0791
15.3800 5.1100 -0.0954
15.4000 5.1166 -0.0986
15.4200 5.1233 -0.0801
15.4400 5.1300 -0.1001
15.4600 5.1367 -0.1012
15.4800 5.1434 -0.0846
15.5000 5.1500 -0.1008
15.5200 5.1567 -0.0928
15.5400 5.1634 -0.0929
15.5600 5.1700 -0.1061
15.5800 5.1766 -0.0888
15.6000 5.1833 -0.0902
15.6200 5.1900 -0.1028
15.6400 5.1967 -0.0921
15.6600 5.2034 -0.0942
15.6800 5.2101 -0.0982
15.7000 5.2168 -0.0908
15.7200 5.2234 -0.1001
15.7400 5.2301 -0.0984
15.7600 5.2367 -0.0866
15.7800 5.2434 -0.1050
15.8000 5.2501 -0.0967
15.8200 5.2567 -0.0888
15.8400 5.2634 -0.1024
15.8600 5.2701 -0.0981
15.8800 5.2768 -0.0905
15.9000 5.2834 -0.1086
15.9200 5.2900 -0.0918
15.9400 5.2966 -0.0881
15.9600 5.3033 -0.1090
15.9800 5.3100 -0.0903
16.0000 5.3167 -0.0945
16.0200 5.3234 -0.1107
16.0400 5.3300 -0.0885
16.0600 5.3367 -0.0962
16.0800 5.3434 -0.1082
16.1000 5.3500 -0.0947
16.1200 5.3565 -0.1000
16.1400 5.3632 -0.1007
16.1600 5.3700 -0.0964
16.1800 5.3767 -0.1055
16.2000 5.3834 -0.1014
16.2200 5.3901 -0.0971
16.2400 5.3968 -0.1093
16.2600 5.4034 -0.0969
16.2800 5.4100 -0.1013
16.3000 5.4167 -0.1062
16.3200 5.4233 -0.1000
16.3400 5.4300 -0.1052
16.3600 5.4367 -0.1048
16.3800 5.4434 -0.0987
16.4000 5.4501 -0.1045
16.4200 5.4568 -0.1034
16.4400 5.4634 -0.1036
16.4600 5.4700 -0.1050
16.4800 5.4766 -0.1009
16.5000 5.4833 -0.1029
16.5200 5.4900 -0.1062
16.5400 5.4967 -0.0955
16.5600 5.5034 -0.1087
16.5800 5.5101 -0.1096
16.6000 5.5168 -0.0980
16.6200 5.5234 -0.1117
16.6400 5.5300 -0.1032
16.6600 5.5366 -0.1033
16.6800 5.5433 -0.1105
16.7000 5.5500 -0.1023
16.7200 5.5567 -0.1033
16.7400 5.5634 -0.1128
16.7600 5.5700 -0.1029
16.7800 5.5767 -0.1014
16.8000 5.5834 -0.1151
16.8200 5.5900 -0.1047
16.8400 5.5966 -0.1010
16.8600 5.6033 -0.1109
16.8800 5.6100 -0.1013
16.9000 5.6166 -0.1161
16.9200 5.6233 -0.1075
16.9400 5.6300 -0.0953
16.9600 5.6367 -0.1138
16.9800 5.6434 -0.1129
17.0000 5.6500 -0.0965
17.0200 5.6567 -0.1173
17.0400 5.6633 -0.1096
17.0600 5.6700 -0.0994
17.0800 5.6768 -0.1177
17.1000 5.6835 -0.1063
17.1200 5.6901 -0.1034
17.1400 5.6968 -0.1176
17.1600 5.7034 -0.1041
17.1800 5.7100 -0.1085
17.2000 5.7166 -0.1194
17.2200 5.7233 -0.1016
17.2400 5.7300 -0.1042
17.2600 5.7367 -0.1220
17.2800 5.7434 -0.1036
17.3000 5.7501 -0.1086
17.3200 5.7568 -0.1159
17.3400 5.7634 -0.1050
17.3600 5.7700 -0.1132
17.3800 5.7766 -0.1137
17.4000 5.7833 -0.1037
17.4200 5.7900 -0.1147
17.4400 5.7967 -0.1106
17.4600 5.8034 -0.1061
17.4800 5.8101 -0.1189
17.5000 5.8168 -0.1113
17.5200 5.8234 -0.1097
17.5400 5.8300 -0.1165
17.5600 5.8366 -0.1087
17.5800 5.8432 -0.1067
17.6000 5.8499 -0.1212
17.6200 5.8567 -0.1121
17.6400 5.8634 -0.1083
17.6600 5.8700 -0.1118
17.6800 5.8767 -0.1150
17.7000 5.8834 -0.1133
17.7200 5.8900 -0.1159
17.7400 5.8966 -0.1108
17.7600 5.9032 -0.1088
17.7800 5.9100 -0.1180
17.8000 5.9167 -0.1200
17.8200 5.9234 -0.1082
17.8400 5.9301 -0.1171
17.8600 5.9368 -0.1168
17.8800 5.9435 -0.1095
17.9000 5.9501 -0.1184
17.9200 5.9567 -0.1228
17.9400 5.9633 -0.1066
17.9600 5.9700 -0.1164
17.9800 5.9767 -0.1212
18.0000 5.9834 -0.1102
18.0200 5.9901 -0.1199
18.0400 5.9968 -0.1224
18.0600 6.0034 -0.1083
18.0800 6.0100 -0.1216
18.1000 6.0166 -0.1237
18.1200 6.0232 -0.1023
18.1400 6.0300 -0.1224
18.1600 6.0367 -0.1273
18.1800 6.0434 -0.1067
18.2000 6.0501 -0.1231
18.2200 6.0567 -0.1239
18.2400 6.0634 -0.1090
18.2600 6.0700 -0.1210
18.2800 6.0766 -0.1153
18.3000 6.0833 -0.1152
18.3200 6.0900 -0.1218
18.3400 6.0967 -0.1193
18.3600 6.1034 -0.1132
18.3800 6.1100 -0.1265
18.4000 6.1167 -0.1200
18.4200 6.1234 -0.1140
18.4400 6.1300 -0.1271
18.4600 6.1367 -0.1187
18.4800 6.1433 -0.1124
18.5000 6.1500 -0.1245
18.5200 6.1567 -0.1154
18.5400 6.1634 -0.1215
18.5600 6.1700 -0.1241
18.5800 6.1767 -0.1168
18.6000 6.1834 -0.1172
18.6200 6.1901 -0.1272
18.6400 6.1967 -0.1192
18.6600 6.2033 -0.1181
18.6800 6.2100 -0.1278
18.7000 6.2167 -0.1195
18.7200 6.2234 -0.1178
18.7400 6.2301 -0.1275
18.7600 6.2368 -0.1202
18.7800 6.2434 -0.1223
18.8000 6.2501 -0.1276
18.8200 6.2567 -0.1210
18.8400 6.2633 -0.1214
18.8600 6.2700 -0.1257
18.8800 6.2767 -0.1250
18.9000 6.2834 -0.1173
18.9200 6.2900 -0.1238
18.9400 6.2967 -0.1259
18.9600 6.3034 -0.1183
18.9800 6.3100 -0.1241
19.0000 6.3166 -0.1297
19.0200 6.3232 -0.1220
19.0400 6.3299 -0.1220
19.0600 6.3366 -0.1308
19.0800 6.3433 -0.1209
19.1000 6.3500 -0.1234
19.1200 6.3567 -0.1315
19.1400 6.3634 -0.1236
19.1600 6.3700 -0.1229
19.1800 6.3766 -0.1276
19.2000 6.3833 -0.1198
19.2200 6.3900 -0.1199
19.2400 6.3967 -0.1307
19.2600 6.4034 -0.1198
19.2800 6.4101 -0.1220
19.3000 6.4168 -0.1312
19.3200 6.4234 -0.1237
19.3400 6.4301 -0.1231
19.3600 6.4367 -0.1347
19.3800 6.4433 -0.1153
19.4000 6.4500 -0.1278
19.4200 6.4567 -0.1350
19.4400 6.4634 -0.1180
19.4600 6.4701 -0.1267
19.4800 6.4768 -0.1338
19.5000 6.4834 -0.1181
19.5200 6.4901 -0.1286
19.5400 6.4967 -0.1374
19.5600 6.5033 -0.1146
19.5800 6.5099 -0.1313
19.6000 6.5167 -0.1334
19.6200 6.5234 -0.1171
19.6400 6.5301 -0.1318
19.6600 6.5367 -0.1289
19.6800 6.5434 -0.1214
19.7000 6.5500 -0.1269
19.7200 6.5566 -0.1266
19.7400 6.5632 -0.1184
19.7600 6.5699 -0.1289
19.7800 6.5766 -0.1305
19.8000 6.5834 -0.1194
19.8200 6.5900 -0.1318
19.8400 6.5967 -0.1278
19.8600 6.6034 -0.1249
19.8800 6.6100 -0.1280
19.9000 6.6166 -0.1268
19.9200 6.6233 -0.1289
19.9400 6.6300 -0.1292
19.9600 6.6367 -0.1219
19.9800 6.6434 -0.1293
20.0000 6.6501 -0.1305
20.0200 6.6568 -0.1264
20.0400 6.6635 -0.1304
20.0600 6.6701 -0.1361
20.0800 6.6767 -0.1224
20.1000 6.6833 -0.1237
20.1200 6.6900 -0.1340
20.1400 6.6967 -0.1326
20.1600 6.7034 -0.1228
20.1800 6.7101 -0.1301
20.2000 6.7168 -0.1391
20.2200 6.7235 -0.1220
20.2400 6.7301 -0.1283
20.2600 6.7367 -0.1398
20.2800 6.7433 -0.1272
20.3000 6.7500 -0.1268
20.3200 6.7567 -0.1398
20.3400 6.7634 -0.1280
20.3600 6.7700 -0.1253
20.3800 6.7767 -0.1376
20.4000 6.7834 -0.1320
20.4200 6.7900 -0.1278
20.4400 6.7967 -0.1358
20.4600 6.8033 -0.1266
20.4800 6.8099 -0.1297
20.5000 6.8166 -0.1378
20.5200 6.8233 -0.1317
20.5400 6.8300 -0.1275
20.5600 6.8367 -0.1345
20.5800 6.8434 -0.1331
20.6000 6.8501 -0.1293
20.6200 6.8567 -0.1324
20.6400 6.8633 -0.1378
20.6600 6.8700 -0.1296
20.6800 6.8767 -0.1316
20.7000 6.8834 -0.1324
20.7200 6.8901 -0.1326
20.7400 6.8968 -0.1333
20.7600 6.9035 -0.1345
20.7800 6.9101 -0.1318
20.8000 6.9167 -0.1344
20.8200 6.9233 -0.1321
20.8400 6.9299 -0.1290
20.8600 6.9367 -0.1317
20.8800 6.9434 -0.1402
20.9000 6.9501 -0.1329
20.9200 6.9567 -0.1334
20.9400 6.9634 -0.1400
20.9600 6.9701 -0.1343
20.9800 6.9767 -0.1327
21.0000 6.9833 -0.1370
21.0200 6.9900 -0.1330
21.0400 6.9967 -0.1355
21.0600 7.0034 -0.1409
21.0800 7.0100 -0.1318
21.1000 7.0167 -0.1351
21.1200 7.0234 -0.1413
21.1400 7.0301 -0.1363
21.1600 7.0367 -0.1316
21.1800 7.0433 -0.1392
21.2000 7.0499 -0.1342
21.2200 7.0566 -0.1301
21.2400 7.0633 -0.1453
21.2600 7.0700 -0.1354
21.2800 7.0767 -0.1349
21.3000 7.0834 -0.1454
21.3200 7.0900 -0.1273
21.3400 7.0966 -0.1395
21.3600 7.1033 -0.1462
21.3800 7.1099 -0.1284
21.4000 7.1166 -0.1389
21.4200 7.1234 -0.1442
21.4400 7.1300 -0.1282
21.4600 7.1367 -0.1423
21.4800 7.1434 -0.1405
21.5000 7.1501 -0.1348
21.5200 7.1567 -0.1427
21.5400 7.1633 -0.1409
21.5600 7.1700 -0.1364
21.5800 7.1767 -0.1406
21.6000 7.1834 -0.1451
21.6200 7.1901 -0.1382
21.6400 7.1967 -0.1379
21.6600 7.2034 -0.1415
21.6800 7.2101 -0.1406
21.7000 7.2167 -0.1434
21.7200 7.2233 -0.1382
21.7400 7.2299 -0.1367
21.7600 7.2367 -0.1441
21.7800 7.2434 -0.1373
21.8000 7.2501 -0.1435
21.8200 7.2567 -0.1425
21.8400 7.2634 -0.1389
21.8600 7.2701 -0.1413
21.8800 7.2767 -0.1453
21.9000 7.2833 -0.1379
21.9200 7.2899 -0.1427
21.9400 7.2966 -0.1460
21.9600 7.3033 -0.1350
21.9800 7.3100 -0.1424
22.0000 7.3167 -0.1467
22.0200 7.3234 -0.1426
22.0400 7.3300 -0.1494
22.0600 7.3367 -0.1386
22.0800 7.3433 -0.1412
22.1000 7.3500 -0.1470
22.1200 7.3567 -0.1381
22.1400 7.3634 -0.1424
22.1600 7.3701 -0.1518
22.1800 7.3767 -0.1348
22.2000 7.3835 -0.1435
22.2200 7.3901 -0.1537
22.2400 7.3967 -0.1399
22.2600 7.4033 -0.1484
22.2800 7.4100 -0.1441
22.3000 7.4167 -0.1401
22.3200 7.4234 -0.1528
22.3400 7.4301 -0.1406
22.3600 7.4367 -0.1367
22.3800 7.4434 -0.1550
22.4000 7.4501 -0.1411
22.4200 7.4567 -0.1403
22.4400 7.4633 -0.1520
22.4600 7.4699 -0.1417
22.4800 7.4766 -0.1439
22.5000 7.4833 -0.1474
22.5200 7.4900 -0.1467
22.5400 7.4967 -0.1500
22.5600 7.5034 -0.1410
22.5800 7.5101 -0.1451
22.6000 7.5167 -0.1502
22.6200 7.5233 -0.1466
22.6400 7.5299 -0.1443
22.6600 7.5366 -0.1485
22.6800 7.5433 -0.1449
22.7000 7.5500 -0.1511
22.7200 7.5567 -0.1416
22.7400 7.5634 -0.1488
22.7600 7.5701 -0.1567
22.7800 7.5767 -0.1443
22.8000 7.5833 -0.1426
22.8200 7.5900 -0.1517
22.8400 7.5967 -0.1457
22.8600 7.6034 -0.1489
22.8800 7.6101 -0.1534
22.9000 7.6167 -0.1417
22.9200 7.6234 -0.1495
22.9400 7.6301 -0.1575
22.9600 7.6367 -0.1402
22.9800 7.6434 -0.1517
23.0000 7.6500 -0.1556
23.0200 7.6566 -0.1388
23.0400 7.6634 -0.1515
23.0600 7.6701 -0.1548
23.0800 7.6768 -0.1411
23.1000 7.6834 -0.1528
23.1200 7.6901 -0.1572
23.1400 7.6967 -0.1382
23.1600 7.7033 -0.1578
23.1800 7.7099 -0.1576
23.2000 7.7166 -0.1368
23.2200 7.7234 -0.1578
23.2400 7.7301 -0.1559
23.2600 7.7367 -0.1431
23.2800 7.7434 -0.1576
23.3000 7.7501 -0.1490
23.3200 7.7567 -0.1516
23.3400 7.7633 -0.1565
23.3600 7.7699 -0.1455
23.3800 7.7766 -0.1458
23.4000 7.7833 -0.1679
23.4200 7.7900 -0.1445
23.4400 7.7967 -0.1447
23.4600 7.8033 -0.1635
23.4800 7.8100 -0.1496
23.5000 7.8167 -0.1509
23.5200 7.8233 -0.1605
23.5400 7.8300 -0.1541
23.5600 7.8366 -0.1506
23.5800 7.8434 -0.1552
23.6000 7.8501 -0.1547
23.6200 7.8567 -0.1540
23.6400 7.8634 -0.1558
23.6600 7.8701 -0.1580
23.6800 7.8768 -0.1559
23.7000 7.8833 -0.1519
23.7200 7.8900 -0.1557
23.7400 7.8966 -0.1540
23.7600 7.9034 -0.1570
23.7800 7.9101 -0.1600
23.8000 7.9167 -0.1491
23.8200 7.9234 -0.1600
23.8400 7.9301 -0.1589
23.8600 7.9367 -0.1518
23.8800 7.9433 -0.1576
23.9000 7.9500 -0.1550
23.9200 7.9567 -0.1491
23.9400 7.9634 -0.1624
23.9600 7.9700 -0.1585
23.9800 7.9767 -0.1581
24.0000 7.9834 -0.1577
24.0200 7.9901 -0.1566
24.0400 7.9967 -0.1573
24.0600 8.0034 -0.1609
24.0800 8.0100 -0.1561
24.1000 8.0166 -0.1580
24.1200 8.0233 -0.1609
24.1400 8.0300 -0.1598
24.1600 8.0367 -0.1559
24.1800 8.0434 -0.1606
24.2000 8.0500 -0.1633
24.2200 8.0567 -0.1552
24.2400 8.0633 -0.1650
24.2600 8.0699 -0.1640
24.2800 8.0766 -0.1538
24.3000 8.0834 -0.1624
24.3200 8.0901 -0.1618
24.3400 8.0968 -0.1570
24.3600 8.1034 -0.1627
24.3800 8.1101 -0.1636
24.4000 8.1167 -0.1601
24.4200 8.1233 -0.1625
24.4400 8.1299 -0.1624
24.4600 8.1366 -0.1562
24.4800 8.1434 -0.1706
24.5000 8.1501 -0.1599
24.5200 8.1568 -0.1597
24.5400 8.1634 -0.1680
24.5600 8.1701 -0.1591
24.5800 8.1767 -0.1596
24.6000 8.1833 -0.1696
24.6200 8.1900 -0.1645
24.6400 8.1966 -0.1607
24.6600 8.2033 -0.1619
24.6800 8.2100 -0.1654
24.7000 8.2167 -0.1562
24.7200 8.2234 -0.1650
24.7400 8.2301 -0.1677
24.7600 8.2367 -0.1614
24.7800 8.2433 -0.1637
24.8000 8.2499 -0.1645
24.8200 8.2566 -0.1621
24.8400 8.2633 -0.1646
24.8600 8.2700 -0.1674
24.8800 8.2767 -0.1665
24.9000 8.2834 -0.1583
24.9200 8.2901 -0.1680
24.9400 8.2967 -0.1652
24.9600 8.3033 -0.1626
24.9800 8.3100 -0.1695
25.0000 8.3166 -0.1676
25.0200 8.3234 -0.1606
25.0400 8.3301 -0.1707
25.0600 8.3367 -0.1697
25.0800 8.3434 -0.1603
25.1000 8.3501 -0.1734
25.1200 8.3568 -0.1689
25.1400 8.3634 -0.1612
25.1600 8.3700 -0.1696
25.1800 8.3766 -0.1695
25.2000 8.3833 -0.1629
25.2200 8.3900 -0.1721
25.2400 8.3967 -0.1674
25.2600 8.4034 -0.1691
25.2800 8.4101 -0.1682
25.3000 8.4168 -0.1655
25.3200 8.4234 -0.1698
25.3400 8.4300 -0.1678
25.3600 8.4366 -0.1696
25.3800 8.4433 -0.1749
25.4000 8.4501 -0.1643
25.4200 8.4567 -0.1693
25.4400 8.4634 -0.1759
25.4600 8.4701 -0.1684
25.4800 8.4767 -0.1632
25.5000 8.4833 -0.1791
25.5200 8.4899 -0.1666
25.5400 8.4966 -0.1614
25.5600 8.5033 -0.1725
25.5800 8.5100 -0.1760
25.6000 8.5167 -0.1685
25.6200 8.5233 -0.1635
25.6400 8.5300 -0.1737
25.6600 8.5367 -0.1772
25.6800 8.5433 -0.1660
25.7000 8.5499 -0.1644
25.7200 8.5566 -0.1792
25.7400 8.5633 -0.1701
25.7600 8.5700 -0.1590
25.7800 8.5768 -0.1797
25.8000 8.5835 -0.1725
25.8200 8.5901 -0.1657
25.8400 8.5968 -0.1811
25.8600 8.6034 -0.1683
25.8800 8.6100 -0.1621
25.9000 8.6166 -0.1826
25.9200 8.6234 -0.1746
25.9400 8.6301 -0.1606
25.9600 8.6368 -0.1807
25.9800 8.6434 -0.1717
26.0000 8.6501 -0.1716
26.0200 8.6568 -0.1820
26.0400 8.6634 -0.1679
26.0600 8.6700 -0.1715
26.0800 8.6766 -0.1801
26.1000 8.6833 -0.1615
26.1200 8.6900 -0.1822
26.1400 8.6967 -0.1826
26.1600 8.7034 -0.1599
26.1800 8.7101 -0.1798
26.2000 8.7167 -0.1867
26.2200 8.7233 -0.1611
26.2400 8.7299 -0.1791
26.2600 8.7366 -0.1804
26.2800 8.7433 -0.1653
26.3000 8.7500 -0.1772
26.3200 8.7567 -0.1785
26.3400 8.7633 -0.1692
26.3600 8.7700 -0.1842
26.3800 8.7767 -0.1748
26.4000 8.7833 -0.1724
26.4200 8.7899 -0.1776
26.4400 8.7966 -0.1780
26.4600 8.8033 -0.1727
26.4800 8.8101 -0.1776
26.5000 8.8168 -0.1804
26.5200 8.8234 -0.1732
26.5400 8.8301 -0.1806
26.5600 8.8368 -0.1804
26.5800 8.8434 -0.1797
26.6000 8.8500 -0.1743
26.6200 8.8567 -0.1795
26.6400 8.8633 -0.1785
26.6600 8.8700 -0.1711
26.6800 8.8767 -0.1838
26.7000 8.8834 -0.1788
26.7200 8.8901 -0.1728
26.7400 8.8968 -0.1844
26.7600 8.9034 -0.1802
26.7800 8.9100 -0.1753
26.8000 8.9166 -0.1749
26.8200 8.9233 -0.1811
26.8400 8.9300 -0.1808
26.8600 8.9367 -0.1822
26.8800 8.9434 -0.1712
26.9000 8.9501 -0.1815
26.9200 8.9567 -0.1828
26.9400 8.9634 -0.1791
26.9600 8.9699 -0.1840
26.9800 8.9766 -0.1764
27.0000 8.9833 -0.1755
27.0200 8.9900 -0.1856
27.0400 8.9967 -0.1836
27.0600 9.0034 -0.1770
27.0800 9.0100 -0.1826
27.1000 9.0167 -0.1787
27.1200 9.0234 -0.1801
27.1400 9.0300 -0.1856
27.1600 9.0366 -0.1744
27.1800 9.0433 -0.1814
27.2000 9.0500 -0.1853
27.2200 9.0567 -0.1771
27.2400 9.0634 -0.1860
27.2600 9.0701 -0.1825
27.2800 9.0768 -0.1794
27.3000 9.0834 -0.1894
27.3200 9.0900 -0.1792
27.3400 9.0966 -0.1805
27.3600 9.1033 -0.1876
27.3800 9.1100 -0.1765
27.4000 9.1168 -0.1855
27.4200 9.1234 -0.1836
27.4400 9.1301 -0.1811
27.4600 9.1368 -0.1860
27.4800 9.1434 -0.1870
27.5000 9.1500 -0.1754
27.5200 9.1566 -0.1872
27.5400 9.1633 -0.1840
27.5600 9.1700 -0.1770
27.5800 9.1767 -0.1851
27.6000 9.1834 -0.1870
27.6200 9.1901 -0.1776
27.6400 9.1968 -0.1887
27.6600 9.2034 -0.1920
27.6800 9.2100 -0.1749
27.7000 9.2166 -0.1878
27.7200 9.2233 -0.1864
27.7400 9.2300 -0.1755
27.7600 9.2367 -0.1919
27.7800 9.2434 -0.1891
27.8000 9.2501 -0.1760
27.8200 9.2567 -0.1925
27.8400 9.2634 -0.1867
27.8600 9.2700 -0.1789
27.8800 9.2766 -0.1931
27.9000 9.2833 -0.1851
27.9200 9.2900 -0.1770
27.9400 9.2967 -0.1944
27.9600 9.3034 -0.1850
27.9800 9.3101 -0.1835
28.0000 9.3168 -0.1933
28.0200 9.3234 -0.1870
28.0400 9.3300 -0.1770
28.0600 9.3366 -0.1956
28.0800 9.3433 -0.1837
28.1000 9.3500 -0.1846
28.1200 9.3567 -0.1961
28.1400 9.3634 -0.1816
28.1600 9.3701 -0.1855
28.1800 9.3768 -0.1923
28.2000 9.3834 -0.1820
28.2200 9.3900 -0.1855
28.2400 9.3966 -0.1908
28.2600 9.4033 -0.1909
28.2800 9.4100 -0.1819
28.3000 9.4167 -0.1906
28.3200 9.4234 -0.1856
28.3400 9.4301 -0.1881
28.3600 9.4368 -0.1889
28.3800 9.4434 -0.1886
28.4000 9.4500 -0.1911
28.4200 9.4566 -0.1856
28.4400 9.4633 -0.1832
28.4600 9.4700 -0.1879
28.4800 9.4767 -0.1909
28.5000 9.4834 -0.1914
28.5200 9.4900 -0.1898
28.5400 9.4967 -0.1843
28.5600 9.5034 -0.1877
28.5800 9.5100 -0.1934
28.6000 9.5166 -0.1885
28.6200 9.5233 -0.1873
28.6400 9.5300 -0.1894
28.6600 9.5367 -0.1906
28.6800 9.5434 -0.1886
28.7000 9.5501 -0.1877
28.7200 9.5568 -0.1947
28.7400 9.5634 -0.1888
28.7600 9.5700 -0.1910
28.7800 9.5766 -0.1871
28.8000 9.5833 -0.1927
28.8200 9.5900 -0.1915
28.8400 9.5967 -0.1914
28.8600 9.6034 -0.1929
28.8800 9.6101 -0.1900
28.9000 9.6168 -0.1899
28.9200 9.6234 -0.1935
28.9400 9.6300 -0.1878
28.9600 9.6366 -0.1906
28.9800 9.6433 -0.1984
29.0000 9.6500 -0.1918
29.0200 9.6567 -0.1882
29.0400 9.6634 -0.1944
29.0600 9.6700 -0.1953
29.0800 9.6767 -0.1901
29.1000 9.6834 -0.1960
29.1200 9.6900 -0.1948
29.1400 9.6966 -0.1882
29.1600 9.7033 -0.1930
29.1800 9.7100 -0.1944
29.2000 9.7167 -0.1930
29.2200 9.7234 -0.1967
29.2400 9.7300 -0.1890
29.2600 9.7367 -0.1860
29.2800 9.7434 -0.2048
29.3000 9.7500 -0.1965
29.3200 9.7566 -0.1849
29.3400 9.7633 -0.1998
29.3600 9.7700 -0.1970
29.3800 9.7767 -0.1863
29.4000 9.7834 -0.2019
29.4200 9.7901 -0.1968
29.4400 9.7968 -0.1895
29.4600 9.8034 -0.2006
29.4800 9.8100 -0.1950
29.5000 9.8166 -0.1904
29.5200 9.8233 -0.1942
29.5400 9.8300 -0.1970
29.5600 9.8367 -0.1940
29.5800 9.8434 -0.1970
29.6000 9.8501 -0.1951
29.6200 9.8568 -0.1973
29.6400 9.8634 -0.1953
29.6600 9.8700 -0.1931
29.6800 9.8766 -0.1985
29.7000 9.8833 -0.2010
29.7200 9.8900 -0.1899
29.7400 9.8967 -0.1931
29.7600 9.9034 -0.1997
29.7800 9.9100 -0.1988
29.8000 9.9167 -0.1949
29.8200 9.9234 -0.1951
29.8400 9.9300 -0.1987
29.8600 9.9366 -0.1974
29.8800 9.9432 -0.1911
29.9000 9.9500 -0.1984
29.9200 9.9567 -0.2062
29.9400 9.9634 -0.1916
29.9600 9.9700 -0.1930
29.9800 9.9767 -0.2034
30.0000 9.9834 -0.1985
30.0200 9.9900 -0.1935
30.0400 9.9966 -0.2022
30.0600 10.0033 -0.1954
30.0800 10.0100 -0.1977
30.1000 10.0167 -0.2013
30.1200 10.0234 -0.1953
30.1400 10.0301 -0.2015
30.1600 10.0368 -0.2084
30.1800 10.0434 -0.1956
30.2000 10.0501 -0.1975
30.2200 10.0567 -0.2047
30.2400 10.0633 -0.1986
30.2600 10.0700 -0.1939
30.2800 10.0767 -0.2022
30.3000 10.0834 -0.1957
30.3200 10.0901 -0.1999
30.3400 10.0968 -0.1994
30.3600 10.1034 -0.2017
30.3800 10.1100 -0.2028
30.4000 10.1166 -0.2022
30.4200 10.1233 -0.1993
30.4400 10.1300 -0.2042
30.4600 10.1367 -0.1985
30.4800 10.1434 -0.2044
30.5000 10.1500 -0.2069
30.5200 10.1567 -0.1950
30.5400 10.1634 -0.2040
30.5600 10.1700 -0.2026
30.5800 10.1766 -0.1990
30.6000 10.1833 -0.1999
30.6200 10.1900 -0.2029
30.6400 10.1967 -0.1985
30.6600 10.2034 -0.2026
30.6800 10.2100 -0.2064
30.7000 10.2167 -0.1989
30.7200 10.2234 -0.2070
30.7400 10.2300 -0.2044
30.7600 10.2367 -0.1914
30.7800 10.2433 -0.2042
30.8000 10.2500 -0.2079
30.8200 10.2567 -0.2020
30.8400 10.2634 -0.2040
30.8600 10.2701 -0.2069
30.8800 10.2768 -0.1954
30.9000 10.2834 -0.2085
30.9200 10.2901 -0.2136
30.9400 10.2966 -0.1995
30.9600 10.3033 -0.2048
30.9800 10.3100 -0.2086
31.0000 10.3167 -0.1964
31.0200 10.3234 -0.2105
31.0400 10.3301 -0.2123
31.0600 10.3367 -0.2003
31.0800 10.3434 -0.2035
31.1000 10.3500 -0.2073
31.1200 10.3566 -0.1994
31.1400 10.3633 -0.2061
31.1600 10.3700 -0.2094
31.1800 10.3767 -0.2002
31.2000 10.3834 -0.2067
31.2200 10.3900 -0.2086
31.2400 10.3967 -0.2004
31.2600 10.4034 -0.2104
31.2800 10.4100 -0.2107
31.3000 10.4166 -0.2015
31.3200 10.4233 -0.2057
31.3400 10.4300 -0.2139
31.3600 10.4367 -0.2040
31.3800 10.4433 -0.2039
31.4000 10.4500 -0.2161
31.4200 10.4567 -0.2051
31.4400 10.4634 -0.2080
31.4600 10.4700 -0.2116
31.4800 10.4766 -0.2074
31.5000 10.4833 -0.2061
31.5200 10.4900 -0.2145
31.5400 10.4967 -0.2061
31.5600 10.5034 -0.2125
31.5800 10.5101 -0.2142
31.6000 10.5168 -0.2059
31.6200 10.5234 -0.2086
31.6400 10.5301 -0.2160
31.6600 10.5367 -0.2061
31.6800 10.5433 -0.2076
31.7000 10.5500 -0.2117
31.7200 10.5567 -0.2102
31.7400 10.5634 -0.2084
31.7600 10.5701 -0.2177
31.7800 10.5768 -0.2086
31.8000 10.5834 -0.2069
31.8200 10.5901 -0.2196
31.8400 10.5967 -0.2084
31.8600 10.6033 -0.2123
31.8800 10.6100 -0.2148
31.9000 10.6167 -0.2114
31.9200 10.6234 -0.2132
31.9400 10.6301 -0.2134
31.9600 10.6368 -0.2135
31.9800 10.6434 -0.2104
32.0000 10.6500 -0.2132
32.0200 10.6566 -0.2078
32.0400 10.6632 -0.2084
32.0600 10.6699 -0.2181
32.0800 10.6767 -0.2141
32.1000 10.6834 -0.2097
32.1200 10.6901 -0.2130
32.1400 10.6967 -0.2135
32.1600 10.7034 -0.2129
32.1800 10.7100 -0.2211
32.2000 10.7166 -0.2102
32.2200 10.7233 -0.2136
32.2400 10.7300 -0.2178
32.2600 10.7367 -0.2121
32.2800 10.7434 -0.2134
32.3000 10.7501 -0.2214
32.3200 10.7568 -0.2122
32.3400 10.7635 -0.2151
32.3600 10.7701 -0.2195
32.3800 10.7767 -0.2114
32.4000 10.7833 -0.2168
32.4200 10.7900 -0.2221
32.4400 10.7967 -0.2099
32.4600 10.8034 -0.2183
32.4800 10.8101 -0.2198
32.5000 10.8167 -0.2120
32.5200 10.8234 -0.2215
32.5400 10.8300 -0.2208
32.5600 10.8366 -0.2115
32.5800 10.8433 -0.2189
32.6000 10.8500 -0.2207
32.6200 10.8567 -0.2170
32.6400 10.8634 -0.2226
32.6600 10.8701 -0.2127
32.6800 10.8767 -0.2173
32.7000 10.8834 -0.2241
32.7200 10.8900 -0.2179
32.7400 10.8967 -0.2178
32.7600 10.9033 -0.2224
32.7800 10.9100 -0.2175
32.8000 10.9167 -0.2141
32.8200 10.9234 -0.2198
32.8400 10.9300 -0.2220
32.8600 10.9367 -0.2153
32.8800 10.9434 -0.2192
32.9000 10.9501 -0.2209
32.9200 10.9567 -0.2202
32.9400 10.9633 -0.2176
32.9600 10.9700 -0.2188
32.9800 10.9767 -0.2200
33.0000 10.9834 -0.2275
33.0200 10.9901 -0.2204
33.0400 10.9968 -0.2117
33.0600 11.0034 -0.2267
33.0800 11.0101 -0.2334
33.1000 11.0167 -0.2151
33.1200 11.0233 -0.2208
33.1400 11.0300 -0.2204
33.1600 11.0367 -0.2231
33.1800 11.0434 -0.2266
33.2000 11.0501 -0.2253
33.2200 11.0568 -0.2126
33.2400 11.0634 -0.2208
33.2600 11.0701 -0.2282
33.2800 11.0767 -0.2216
33.3000 11.0833 -0.2213
33.3200 11.0900 -0.2216
33.3400 11.0967 -0.2242
33.3600 11.1034 -0.2167
33.3800 11.1100 -0.2280
33.4000 11.1167 -0.2265
33.4200 11.1234 -0.2175
33.4400 11.1300 -0.2231
33.4600 11.1367 -0.2261
33.4800 11.1433 -0.2209
33.5000 11.1499 -0.2225
33.5200 11.1566 -0.2242
33.5400 11.1633 -0.2211
33.5600 11.1700 -0.2226
33.5800 11.1767 -0.2288
33.6000 11.1834 -0.2194
33.6200 11.1900 -0.2286
33.6400 11.1967 -0.2248
33.6600 11.2033 -0.2212
33.6800 11.2100 -0.2284
33.7000 11.2167 -0.2228
33.7200 11.2234 -0.2148
33.7400 11.2301 -0.2250
33.7600 11.2368 -0.2215
33.7800 11.2435 -0.2254
33.8000 11.2501 -0.2310
33.8200 11.2567 -0.2166
33.8400 11.2633 -0.2198
33.8600 11.2700 -0.2301
33.8800 11.2767 -0.2204
33.9000 11.2834 -0.2289
33.9200 11.2901 -0.2259
33.9400 11.2968 -0.2164
33.9600 11.3034 -0.2287
33.9800 11.3101 -0.2273
34.0000 11.3167 -0.2203
34.0200 11.3233 -0.2315
34.0400 11.3299 -0.2216
34.0600 11.3366 -0.2182
34.0800 11.3434 -0.2338
34.1000 11.3501 -0.2229
34.1200 11.3568 -0.2266
34.1400 11.3634 -0.2298
34.1600 11.3701 -0.2229
34.1800 11.3766 -0.2284
34.2000 11.3832 -0.2227
34.2200 11.3899 -0.2250
34.2400 11.3966 -0.2285
34.2600 11.4033 -0.2217
34.2800 11.4100 -0.2277
34.3000 11.4167 -0.2269
34.3200 11.4234 -0.2244
34.3400 11.4300 -0.2293
34.3600 11.4367 -0.2262
34.3800 11.4433 -0.2215
34.4000 11.4500 -0.2324
34.4200 11.4567 -0.2233
34.4400 11.4634 -0.2278
34.4600 11.4701 -0.2322
34.4800 11.4768 -0.2193
34.5000 11.4835 -0.2293
34.5200 11.4901 -0.2355
34.5400 11.4967 -0.2196
34.5600 11.5033 -0.2318
34.5800 11.5100 -0.2346
34.6000 11.5167 -0.2182
34.6200 11.5234 -0.2335
34.6400 11.5301 -0.2363
34.6600 11.5368 -0.2204
34.6800 11.5434 -0.2341
34.7000 11.5501 -0.2380
34.7200 11.5567 -0.2168
34.7400 11.5633 -0.2371
34.7600 11.5699 -0.2375
34.7800 11.5767 -0.2153
34.8000 11.5834 -0.2331
34.8200 11.5900 -0.2401
34.8400 11.5967 -0.2152
34.8600 11.6034 -0.2326
34.8800 11.6100 -0.2366
34.9000 11.6167 -0.2252
34.9200 11.6233 -0.2343
34.9400 11.6299 -0.2273
34.9600 11.6366 -0.2264
34.9800 11.6434 -0.2386
35.0000 11.6500 -0.2278
35.0200 11.6567 -0.2271
35.0400 11.6634 -0.2419
35.0600 11.6701 -0.2292
35.0800 11.6767 -0.2228
35.1000 11.6833 -0.2389
35.1200 11.6900 -0.2284
35.1400 11.6967 -0.2273
35.1600 11.7034 -0.2374
35.1800 11.7101 -0.2300
35.2000 11.7168 -0.2215
35.2200 11.7234 -0.2433
35.2400 11.7301 -0.2257
35.2600 11.7367 -0.2259
35.2800 11.7433 -0.2408
35.3000 11.7500 -0.2299
35.3200 11.7567 -0.2281
35.3400 11.7634 -0.2377
35.3600 11.7701 -0.2318
35.3800 11.7767 -0.2316
35.4000 11.7834 -0.2387
35.4200 11.7901 -0.2317
35.4400 11.7967 -0.2316
35.4600 11.8033 -0.2371
35.4800 11.8100 -0.2304
35.5000 11.8167 -0.2312
35.5200 11.8234 -0.2449
35.5400 11.8300 -0.2262
35.5600 11.8367 -0.2278
35.5800 11.8434 -0.2491
35.6000 11.8501 -0.2296
35.6200 11.8567 -0.2298
35.6400 11.8633 -0.2457
35.6600 11.8699 -0.2260
35.6800 11.8766 -0.2295
35.7000 11.8833 -0.2452
35.7200 11.8900 -0.2305
35.7400 11.8967 -0.2319
35.7600 11.9034 -0.2413
35.7800 11.9100 -0.2273
35.8000 11.9167 -0.2409
35.8200 11.9233 -0.2377
35.8400 11.9300 -0.2207
35.8600 11.9366 -0.2349
35.8800 11.9434 -0.2427
35.9000 11.9500 -0.2262
35.9200 11.9567 -0.2407
35.9400 11.9634 -0.2442
35.9600 11.9701 -0.2214
35.9800 11.9767 -0.2409
36.0000 11.9833 -0.2490
36.0200 11.9900 -0.2262
36.0400 11.9967 -0.2404
36.0600 12.0034 -0.2388
36.0800 12.0101 -0.2274
36.1000 12.0167 -0.2399
36.1200 12.0234 -0.2429
36.1400 12.0301 -0.2320
36.1600 12.0367 -0.2327
36.1800 12.0433 -0.2415
36.2000 12.0499 -0.2309
36.2200 12.0566 -0.2402
36.2400 12.0634 -0.2419
36.2600 12.0701 -0.2338
36.2800 12.0767 -0.2350
36.3000 12.0834 -0.2437
36.3200 12.0901 -0.2385
36.3400 12.0967 -0.2316
36.3600 12.1033 -0.2409
36.3800 12.1100 -0.2393
36.4000 12.1166 -0.2317
36.4200 12.1233 -0.2461
36.4400 12.1300 -0.2344
36.4600 12.1366 -0.2333
36.4800 12.1433 -0.2464
36.5000 12.1500 -0.2356
36.5200 12.1567 -0.2339
36.5400 12.1633 -0.2464
36.5600 12.1700 -0.2330
36.5800 12.1767 -0.2360
36.6000 12.1834 -0.2434
36.6200 12.1901 -0.2345
36.6400 12.1968 -0.2378
36.6600 12.2035 -0.2461
36.6800 12.2101 -0.2358
36.7000 12.2167 -0.2383
36.7200 12.2233 -0.2437
36.7400 12.2300 -0.2321
36.7600 12.2367 -0.2430
36.7800 12.2434 -0.2473
36.8000 12.2501 -0.2357
36.8200 12.2568 -0.2394
36.8400 12.2634 -0.2423
36.8600 12.2701 -0.2380
36.8800 12.2767 -0.2426
36.9000 12.2833 -0.2420
36.9200 12.2899 -0.2391
36.9400 12.2966 -0.2404
36.9600 12.3033 -0.2425
36.9800 12.3100 -0.2369
37.0000 12.3167 -0.2450
37.0200 12.3234 -0.2441
37.0400 12.3301 -0.2396
37.0600 12.3367 -0.2379
37.0800 12.3433 -0.2476
37.1000 12.3499 -0.2443
37.1200 12.3566 -0.2341
37.1400 12.3633 -0.2429
37.1600 12.3700 -0.2502
37.1800 12.3767 -0.2351
37.2000 12.3834 -0.2412
37.2200 12.3901 -0.2525
37.2400 12.3967 -0.2373
37.2600 12.4033 -0.2355
37.2800 12.4099 -0.2477
37.3000 12.4166 -0.2401
37.3200 12.4233 -0.2371
37.3400 12.4301 -0.2506
37.3600 12.4367 -0.2489
37.3800 12.4434 -0.2342
37.4000 12.4501 -0.2451
37.4200 12.4568 -0.2531
37.4400 12.4634 -0.2413
37.4600 12.4700 -0.2396
37.4800 12.4767 -0.2481
37.5000 12.4834 -0.2429
37.5200 12.4901 -0.2354
37.5400 12.4967 -0.2509
37.5600 12.5034 -0.2448
37.5800 12.5101 -0.2354
37.6000 12.5168 -0.2465
37.6200 12.5233 -0.2465
37.6400 12.5300 -0.2388
37.6600 12.5366 -0.2487
37.6800 12.5433 -0.2397
37.7000 12.5500 -0.2445
37.7200 12.5567 -0.2505
37.7400 12.5634 -0.2396
37.7600 12.5701 -0.2424
37.7800 12.5767 -0.2537
37.8000 12.5833 -0.2396
37.8200 12.5899 -0.2422
37.8400 12.5966 -0.2493
37.8600 12.6033 -0.2402
37.8800 12.6100 -0.2497
37.9000 12.6167 -0.2533
37.9200 12.6234 -0.2371
37.9400 12.6300 -0.2440
37.9600 12.6367 -0.2528
37.9800 12.6433 -0.2434
38.0000 12.6500 -0.2473
38.0200 12.6566 -0.2486
38.0400 12.6633 -0.2429
38.0600 12.6700 -0.2524
38.0800 12.6767 -0.2378
38.1000 12.6834 -0.2499
38.1200 12.6901 -0.2593
38.1400 12.6968 -0.2395
38.1600 12.7034 -0.2489
38.1800 12.7100 -0.2526
38.2000 12.7167 -0.2458
38.2200 12.7234 -0.2463
38.2400 12.7301 -0.2546
38.2600 12.7368 -0.2405
38.2800 12.7434 -0.2470
38.3000 12.7501 -0.2525
38.3200 12.7567 -0.2429
38.3400 12.7633 -0.2488
38.3600 12.7699 -0.2494
38.3800 12.7766 -0.2401
38.4000 12.7833 -0.2503
38.4200 12.7900 -0.2487
38.4400 12.7967 -0.2487
38.4600 12.8034 -0.2441
38.4800 12.8101 -0.2484
38.5000 12.8167 -0.2500
38.5200 12.8234 -0.2546
38.5400 12.8300 -0.2440
38.5600 12.8366 -0.2430
38.5800 12.8433 -0.2492
38.6000 12.8500 -0.2490
38.6200 12.8567 -0.2505
38.6400 12.8634 -0.2522
38.6600 12.8701 -0.2437
38.6800 12.8767 -0.2479
38.7000 12.8833 -0.2529
38.7200 12.8899 -0.2523
38.7400 12.8966 -0.2484
38.7600 12.9033 -0.2458
38.7800 12.9101 -0.2493
38.8000 12.9168 -0.2525
38.8200 12.9234 -0.2549
38.8400 12.9301 -0.2528
38.8600 12.9367 -0.2451
38.8800 12.9433 -0.2475
38.9000 12.9499 -0.2479
38.9200 12.9566 -0.2534
38.9400 12.9634 -0.2520
38.9600 12.9701 -0.2458
38.9800 12.9768 -0.2505
39.0000 12.9834 -0.2469
39.0200 12.9901 -0.2550
39.0400 12.9967 -0.2567
39.0600 13.0034 -0.2445
39.0800 13.0100 -0.2549
39.1000 13.0166 -0.2638
39.1200 13.0233 -0.2343
39.1400 13.0300 -0.2555
39.1600 13.0367 -0.2633
39.1800 13.0434 -0.2373
39.2000 13.0501 -0.2581
39.2200 13.0567 -0.2576
39.2400 13.0633 -0.2405
39.2600 13.0699 -0.2642
39.2800 13.0766 -0.2521
39.3000 13.0833 -0.2462
39.3200 13.0900 -0.2605
39.3400 13.0967 -0.2470
39.3600 13.1034 -0.2473
39.3800 13.1101 -0.2612
39.4000 13.1167 -0.2461
39.4200 13.1234 -0.2516
39.4400 13.1300 -0.2570
39.4600 13.1367 -0.2443
39.4800 13.1434 -0.2614
39.5000 13.1501 -0.2562
39.5200 13.1567 -0.2498
39.5400 13.1634 -0.2571
39.5600 13.1701 -0.2525
39.5800 13.1767 -0.2546
39.6000 13.1834 -0.2582
39.6200 13.1900 -0.2502
39.6400 13.1966 -0.2585
39.6600 13.2033 -0.2545
39.6800 13.2100 -0.2500
39.7000 13.2167 -0.2621
39.7200 13.2234 -0.2600
39.7400 13.2301 -0.2451
39.7600 13.2368 -0.2604
39.7800 13.2434 -0.2568
39.8000 13.2500 -0.2494
39.8200 13.2566 -0.2600
39.8400 13.2633 -0.2507
39.8600 13.2701 -0.2565
39.8800 13.2768 -0.2631
39.9000 13.2834 -0.2462
39.9200 13.2901 -0.2582
39.9400 13.2968 -0.2638
39.9600 13.3034 -0.2455
39.9800 13.3099 -0.2578
40.0000 13.3166 -0.2635
40.0200 13.3233 -0.2486
40.0400 13.3300 -0.2644
40.0600 13.3367 -0.2567
40.0800 13.3433 -0.2473
40.1000 13.3500 -0.2666
40.1200 13.3567 -0.2604
40.1400 13.3633 -0.2539
40.1600 13.3700 -0.2620
40.1800 13.3766 -0.2562
40.2000 13.3833 -0.2579
40.2200 13.3900 -0.2603
40.2400 13.3967 -0.2553
40.2600 13.4035 -0.2616
40.2800 13.4102 -0.2578
40.3000 13.4168 -0.2557
40.3200 13.4234 -0.2623
40.3400 13.4300 -0.2604
40.3600 13.4366 -0.2557
40.3800 13.4433 -0.2596
40.4000 13.4501 -0.2593
40.4200 13.4568 -0.2580
40.4400 13.4634 -0.2644
40.4600 13.4701 -0.2614
40.4800 13.4767 -0.2558
40.5000 13.4833 -0.2645
40.5200 13.4899 -0.2561
40.5400 13.4965 -0.2586
40.5600 13.5033 -0.2607
40.5800 13.5100 -0.2579
40.6000 13.5167 -0.2612
40.6200 13.5234 -0.2602
40.6400 13.5301 -0.2540
40.6600 13.5368 -0.2647
40.6800 13.5434 -0.2619
40.7000 13.5500 -0.2557
40.7200 13.5566 -0.2644
40.7400 13.5633 -0.2592
40.7600 13.5700 -0.2557
40.7800 13.5767 -0.2675
40.8000 13.5834 -0.2596
40.8200 13.5901 -0.2537
40.8400 13.5967 -0.2651
40.8600 13.6033 -0.2588
40.8800 13.6099 -0.2554
40.9000 13.6166 -0.2631
40.9200 13.6233 -0.2600
40.9400 13.6300 -0.2584
40.9600 13.6368 -0.2638
40.9800 13.6434 -0.2574
41.0000 13.6501 -0.2647
41.0200 13.6567 -0.2589
41.0400 13.6634 -0.2547
41.0600 13.6700 -0.2646
41.0800 13.6767 -0.2604
41.1000 13.6834 -0.2561
41.1200 13.6901 -0.2639
41.1400 13.6967 -0.2594
41.1600 13.7034 -0.2620
41.1800 13.7101 -0.2635
41.2000 13.7168 -0.2613
41.2200 13.7234 -0.2650
41.2400 13.7300 -0.2608
41.2600 13.7366 -0.2578
41.2800 13.7433 -0.2708
41.3000 13.7500 -0.2590
41.3200 13.7566 -0.2589
41.3400 13.7633 -0.2681
41.3600 13.7700 -0.2595
41.3800 13.7767 -0.2615
41.4000 13.7834 -0.2694
41.4200 13.7900 -0.2624
41.4400 13.7966 -0.2592
41.4600 13.8033 -0.2628
41.4800 13.8100 -0.2616
41.5000 13.8167 -0.2689
41.5200 13.8234 -0.2643
41.5400 13.8300 -0.2602
41.5600 13.8367 -0.2689
41.5800 13.8434 -0.2647
41.6000 13.8500 -0.2539
41.6200 13.8566 -0.2701
41.6400 13.8633 -0.2674
41.6600 13.8700 -0.2554
41.6800 13.8767 -0.2687
41.7000 13.8834 -0.2623
41.7200 13.8901 -0.2605
41.7400 13.8968 -0.2768
41.7600 13.9034 -0.2619
41.7800 13.9100 -0.2661
41.8000 13.9166 -0.2688
41.8200 13.9233 -0.2570
41.8400 13.9300 -0.2691
41.8600 13.9367 -0.2809
41.8800 13.9434 -0.2605
41.9000 13.9501 -0.2622
41.9200 13.9568 -0.2742
41.9400 13.9634 -0.2605
41.9600 13.9700 -0.2698
41.9800 13.9766 -0.2763
42.0000 13.9833 -0.2627
42.0200 13.9900 -0.2711
42.0400 13.9967 -0.2693
42.0600 14.0034 -0.2676
42.0800 14.0101 -0.2724
42.1000 14.0167 -0.2677
42.1200 14.0233 -0.2675
42.1400 14.0299 -0.2729
42.1600 14.0365 -0.2639
42.1800 14.0432 -0.2652
42.2000 14.0500 -0.2787
42.2200 14.0567 -0.2677
42.2400 14.0634 -0.2656
42.2600 14.0701 -0.2740
42.2800 14.0768 -0.2679
42.3000 14.0834 -0.2682
42.3200 14.0900 -0.2747
42.3400 14.0966 -0.2646
42.3600 14.1033 -0.2708
42.3800 14.1100 -0.2726
42.4000 14.1167 -0.2657
42.4200 14.1234 -0.2730
42.4400 14.1301 -0.2756
42.4600 14.1368 -0.2642
42.4800 14.1434 -0.2777
42.5000 14.1500 -0.2744
42.5200 14.1567 -0.2620
42.5400 14.1633 -0.2776
42.5600 14.1701 -0.2699
42.5800 14.1767 -0.2639
42.6000 14.1834 -0.2798
42.6200 14.1901 -0.2682
42.6400 14.1968 -0.2710
42.6600 14.2034 -0.2762
42.6800 14.2100 -0.2706
42.7000 14.2166 -0.2710
42.7200 14.2233 -0.2748
42.7400 14.2300 -0.2707
42.7600 14.2367 -0.2721
42.7800 14.2434 -0.2763
42.8000 14.2501 -0.2714
42.8200 14.2568 -0.2753
42.8400 14.2634 -0.2757
42.8600 14.2700 -0.2689
42.8800 14.2766 -0.2763
42.9000 14.2832 -0.2708
42.9200 14.2899 -0.2688
42.9400 14.2966 -0.2750
42.9600 14.3033 -0.2730
42.9800 14.3100 -0.2759
43.0000 14.3167 -0.2765
43.0200 14.3234 -0.2692
43.0400 14.3300 -0.2721
43.0600 14.3366 -0.2806
43.0800 14.3433 -0.2673
43.1000 14.3500 -0.2739
43.1200 14.3567 -0.2771
43.1400 14.3634 -0.2714
43.1600 14.3701 -0.2780
43.1800 14.3768 -0.2770
43.2000 14.3834 -0.2737
43.2200 14.3901 -0.2784
43.2400 14.3967 -0.2723
43.2600 14.4033 -0.2742
43.2800 14.4100 -0.2797
43.3000 14.4167 -0.2765
43.3200 14.4234 -0.2684
43.3400 14.4301 -0.2840
43.3600 14.4368 -0.2764
43.3800 14.4434 -0.2707
43.4000 14.4500 -0.2824
43.4200 14.4566 -0.2724
43.4400 14.4633 -0.2735
43.4600 14.4700 -0.2848
43.4800 14.4767 -0.2724
43.5000 14.4834 -0.2728
43.5200 14.4900 -0.2845
43.5400 14.4967 -0.2698
43.5600 14.5034 -0.2741
43.5800 14.5100 -0.2858
43.6000 14.5166 -0.2717
43.6200 14.5233 -0.2738
43.6400 14.5300 -0.2843
43.6600 14.5367 -0.2727
43.6800 14.5433 -0.2731
43.7000 14.5500 -0.2821
43.7200 14.5567 -0.2732
43.7400 14.5633 -0.2751
43.7600 14.5700 -0.2861
43.7800 14.5766 -0.2723
43.8000 14.5833 -0.2758
43.8200 14.5900 -0.2843
43.8400 14.5967 -0.2749
43.8600 14.6034 -0.2774
43.8800 14.6101 -0.2828
43.9000 14.6168 -0.2730
43.9200 14.6234 -0.2781
43.9400 14.6300 -0.2832
43.9600 14.6366 -0.2722
43.9800 14.6433 -0.2778
44.0000 14.6500 -0.2863
44.0200 14.6567 -0.2750
44.0400 14.6634 -0.2777
44.0600 14.6701 -0.2844
44.0800 14.6767 -0.2779
44.1000 14.6834 -0.2771
44.1200 14.6900 -0.2831
44.1400 14.6966 -0.2746
44.1600 14.7033 -0.2770
44.1800 14.7100 -0.2852
44.2000 14.7167 -0.2755
44.2200 14.7234 -0.2802
44.2400 14.7301 -0.2842
44.2600 14.7367 -0.2744
44.2800 14.7434 -0.2851
44.3000 14.7500 -0.2889
44.3200 14.7566 -0.2737
44.3400 14.7632 -0.2842
44.3600 14.7699 -0.2870
44.3800 14.7767 -0.2801
44.4000 14.7833 -0.2836
44.4200 14.7900 -0.2836
44.4400 14.7967 -0.2815
44.4600 14.8033 -0.2869
44.4800 14.8100 -0.2794
44.5000 14.8166 -0.2800
44.5200 14.8232 -0.2837
44.5400 14.8300 -0.2843
44.5600 14.8367 -0.2809
44.5800 14.8434 -0.2867
44.6000 14.8501 -0.2831
44.6200 14.8568 -0.2839
44.6400 14.8635 -0.2795
44.6600 14.8701 -0.2885
44.6800 14.8767 -0.2862
44.7000 14.8834 -0.2764
44.7200 14.8901 -0.2894
44.7400 14.8967 -0.2864
44.7600 14.9034 -0.2765
44.7800 14.9101 -0.2928
44.8000 14.9168 -0.2846
44.8200 14.9235 -0.2784
44.8400 14.9301 -0.2913
44.8600 14.9366 -0.2831
44.8800 14.9433 -0.2828
44.9000 14.9499 -0.2855
44.9200 14.9566 -0.2799
44.9400 14.9633 -0.2856
44.9600 14.9700 -0.2925
44.9800 14.9767 -0.2818
45.0000 14.9834 -0.2872
45.0200 14.9900 -0.2859
45.0400 14.9966 -0.2803
45.0600 15.0033 -0.2888
45.0800 15.0100 -0.2853
45.1000 15.0167 -0.2879
45.1200 15.0234 -0.2904
45.1400 15.0300 -0.2787
45.1600 15.0367 -0.2867
45.1800 15.0434 -0.2902
45.2000 15.0500 -0.2800
45.2200 15.0567 -0.2897
45.2400 15.0633 -0.2902
45.2600 15.0700 -0.2754
45.2800 15.0767 -0.2940
45.3000 15.0834 -0.2888
45.3200 15.0901 -0.2804
45.3400 15.0968 -0.2957
45.3600 15.1034 -0.2828
45.3800 15.1101 -0.2798
45.4000 15.1166 -0.2931
45.4200 15.1233 -0.2829
45.4400 15.1300 -0.2872
45.4600 15.1367 -0.2912
45.4800 15.1435 -0.2876
45.5000 15.1501 -0.2857
45.5200 15.1568 -0.2881
45.5400 15.1634 -0.2881
45.5600 15.1700 -0.2880
45.5800 15.1766 -0.2871
45.6000 15.1833 -0.2845
45.6200 15.1900 -0.2877
45.6400 15.1967 -0.2880
45.6600 15.2034 -0.2869
45.6800 15.2101 -0.2890
45.7000 15.2167 -0.2854
45.7200 15.2234 -0.2897
45.7400 15.2300 -0.2918
45.7600 15.2366 -0.2834
45.7800 15.2433 -0.2932
45.8000 15.2500 -0.2888
45.8200 15.2567 -0.2893
45.8400 15.2633 -0.2923
45.8600 15.2700 -0.2953
45.8800 15.2767 -0.2881
45.9000 15.2834 -0.2874
45.9200 15.2900 -0.2931
45.9400 15.2966 -0.2893
45.9600 15.3033 -0.2877
45.9800 15.3100 -0.2895
46.0000 15.3167 -0.2913
46.0200 15.3234 -0.2879
46.0400 15.3301 -0.2883
46.0600 15.3368 -0.2938
46.0800 15.3434 -0.2893
46.1000 15.3501 -0.2934
46.1200 15.3567 -0.2916
46.1400 15.3633 -0.2911
46.1600 15.3700 -0.2918
46.1800 15.3767 -0.2911
46.2000 15.3834 -0.2910
46.2200 15.3901 -0.2940
46.2400 15.3968 -0.2912
46.2600 15.4035 -0.2930
46.2800 15.4101 -0.2927
46.3000 15.4167 -0.2948
46.3200 15.4233 -0.2906
46.3400 15.4300 -0.2919
46.3600 15.4367 -0.2919
46.3800 15.4434 -0.2929
46.4000 15.4501 -0.2963
46.4200 15.4567 -0.2879
46.4400 15.4634 -0.2979
46.4600 15.4700 -0.2959
46.4800 15.4766 -0.2906
46.5000 15.4832 -0.2945
46.5200 15.4899 -0.2944
46.5400 15.4966 -0.2954
46.5600 15.5034 -0.2956
46.5800 15.5100 -0.2899
46.6000 15.5167 -0.2982
46.6200 15.5234 -0.2964
46.6400 15.5300 -0.2926
46.6600 15.5366 -0.3004
46.6800 15.5433 -0.2963
46.7000 15.5500 -0.2889
46.7200 15.5567 -0.3018
46.7400 15.5634 -0.2946
46.7600 15.5700 -0.2885
46.7800 15.5768 -0.3035
46.8000 15.5835 -0.2967
46.8200 15.5901 -0.2908
46.8400 15.5967 -0.3000
46.8600 15.6033 -0.2866
46.8800 15.6100 -0.2936
46.9000 15.6167 -0.2990
46.9200 15.6234 -0.2896
46.9400 15.6301 -0.2968
46.9600 15.6367 -0.3017
46.9800 15.6434 -0.2899
47.0000 15.6500 -0.2957
47.0200 15.6566 -0.3071
47.0400 15.6633 -0.2873
47.0600 15.6700 -0.2975
47.0800 15.6767 -0.3055
47.1000 15.6834 -0.2893
47.1200 15.6901 -0.2992
47.1400 15.6967 -0.2993
47.1600 15.7034 -0.2917
47.1800 15.7101 -0.3019
47.2000 15.7167 -0.2994
47.2200 15.7233 -0.2927
47.2400 15.7300 -0.2989
47.2600 15.7367 -0.2968
47.2800 15.7434 -0.2972
47.3000 15.7500 -0.3049
47.3200 15.7567 -0.2927
47.3400 15.7634 -0.2967
47.3600 15.7701 -0.3002
47.3800 15.7767 -0.2960
47.4000 15.7833 -0.2958
47.4200 15.7900 -0.3004
47.4400 15.7967 -0.2932
47.4600 15.8034 -0.2988
47.4800 15.8101 -0.3001
47.5000 15.8167 -0.2929
47.5200 15.8234 -0.3002
47.5400 15.8301 -0.3036
47.5600 15.8367 -0.2905
47.5800 15.8433 -0.2991
47.6000 15.8500 -0.3012
47.6200 15.8567 -0.2967
47.6400 15.8634 -0.3004
47.6600 15.8701 -0.2979
47.6800 15.8768 -0.3004
47.7000 15.8835 -0.3017
47.7200 15.8901 -0.2991
47.7400 15.8967 -0.3002
47.7600 15.9033 -0.3006
47.7800 15.9100 -0.2997
47.8000 15.9167 -0.2957
47.8200 15.9234 -0.3034
47.8400 15.9300 -0.3027
47.8600 15.9367 -0.2952
47.8800 15.9434 -0.3050
47.9000 15.9501 -0.3024
47.9200 15.9567 -0.3036
47.9400 15.9633 -0.3026
47.9600 15.9699 -0.2977
47.9800 15.9766 -0.3010
48.0000 15.9833 -0.3075
48.0200 15.9900 -0.3016
48.0400 15.9967 -0.3015
48.0600 16.0034 -0.3087
48.0800 16.0101 -0.3016
48.1000 16.0167 -0.3010
48.1200 16.0233 -0.3103
48.1400 16.0300 -0.2960
48.1600 16.0367 -0.3068
48.1800 16.0434 -0.3099
48.2000 16.0501 -0.2969
48.2200 16.0568 -0.3057
48.2400 16.0634 -0.3093
48.2600 16.0701 -0.3030
48.2800 16.0767 -0.3079
48.3000 16.0833 -0.3046
48.3200 16.0900 -0.3034
48.3400 16.0967 -0.3049
48.3600 16.1034 -0.3070
48.3800 16.1101 -0.3064
48.4000 16.1168 -0.3063
48.4200 16.1234 -0.3052
48.4400 16.1301 -0.3052
48.4600 16.1367 -0.3097
48.4800 16.1433 -0.3082
48.5000 16.1499 -0.2989
48.5200 16.1566 -0.3062
48.5400 16.1633 -0.3104
48.5600 16.1700 -0.3017
48.5800 16.1767 -0.3052
48.6000 16.1834 -0.3094
48.6200 16.1901 -0.3043
48.6400 16.1967 -0.3085
48.6600 16.2033 -0.3100
48.6800 16.2099 -0.3056
48.7000 16.2166 -0.3136
48.7200 16.2234 -0.3075
48.7400 16.2300 -0.3038
48.7600 16.2367 -0.3072
48.7800 16.2434 -0.3143
48.8000 16.2500 -0.3069
48.8200 16.2567 -0.3050
48.8400 16.2633 -0.3097
48.8600 16.2700 -0.3077
48.8800 16.2767 -0.3080
48.9000 16.2834 -0.3122
48.9200 16.2901 -0.3063
48.9400 16.2967 -0.3102
48.9600 16.3034 -0.3105
48.9800 16.3101 -0.3028
49.0000 16.3167 -0.3114
49.0200 16.3233 -0.3163
49.0400 16.3300 -0.3010
49.0600 16.3367 -0.3081
49.0800 16.3434 -0.3112
49.1000 16.3501 -0.3072
49.1200 16.3568 -0.3083
49.1400 16.3634 -0.3152
49.1600 16.3701 -0.3101
49.1800 16.3767 -0.3107
49.2000 16.3833 -0.3069
49.2200 16.3899 -0.3057
49.2400 16.3966 -0.3157
49.2600 16.4034 -0.3118
49.2800 16.4100 -0.3035
49.3000 16.4167 -0.3107
49.3200 16.4234 -0.3119
49.3400 16.4300 -0.3055
49.3600 16.4367 -0.3148
49.3800 16.4433 -0.3068
49.4000 16.4499 -0.3061
49.4200 16.4566 -0.3146
49.4400 16.4633 -0.3151
49.4600 16.4700 -0.3091
49.4800 16.4767 -0.3148
49.5000 16.4834 -0.3109
49.5200 16.4901 -0.3092
49.5400 16.4967 -0.3154
49.5600 16.5033 -0.3085
49.5800 16.5100 -0.3108
49.6000 16.5166 -0.3118
49.6200 16.5234 -0.2992
49.6400 16.5301 -0.3159
49.6600 16.5368 -0.3161
49.6800 16.5434 -0.3063
49.7000 16.5501 -0.3161
49.7200 16.5567 -0.3122
49.7400 16.5633 -0.3043
49.7600 16.5699 -0.3165
49.7800 16.5767 -0.3166
49.8000 16.5834 -0.3048
49.8200 16.5901 -0.3136
49.8400 16.5967 -0.3104
49.8600 16.6034 -0.3082
49.8800 16.6101 -0.3206
49.9000 16.6167 -0.3083
49.9200 16.6234 -0.3098
49.9400 16.6300 -0.3152
49.9600 16.6367 -0.3069
49.9800 16.6434 -0.3171
50.0000 16.6501 -0.3179
50.0200 16.6567 -0.3057
50.0400 16.6634 -0.3163
50.0600 16.6701 -0.3202
50.0800 16.6767 -0.3061
50.1000 16.6833 -0.3212
50.1200 16.6899 -0.3139
50.1400 16.6966 -0.3035
50.1600 16.7033 -0.3211
50.1800 16.7100 -0.3149
50.2000 16.7167 -0.3087
50.2200 16.7234 -0.3247
50.2400 16.7301 -0.3118
50.2600 16.7367 -0.3120
50.2800 16.7433 -0.3207
50.3000 16.7500 -0.3116
50.3200 16.7566 -0.3141
50.3400 16.7634 -0.3213
50.3600 16.7700 -0.3097
50.3800 16.7767 -0.3179
50.4000 16.7834 -0.3198
50.4200 16.7901 -0.3140
50.4400 16.7967 -0.3168
50.4600 16.8033 -0.3192
50.4800 16.8100 -0.3147
50.5000 16.8167 -0.3152
50.5200 16.8234 -0.3236
50.5400 16.8301 -0.3180
50.5600 16.8367 -0.3121
50.5800 16.8434 -0.3177
50.6000 16.8501 -0.3193
50.6200 16.8567 -0.3172
50.6400 16.8633 -0.3216
50.6600 16.8700 -0.3171
50.6800 16.8767 -0.3178
50.7000 16.8834 -0.3185
50.7200 16.8901 -0.3206
50.7400 16.8968 -0.3167
50.7600 16.9034 -0.3240
50.7800 16.9101 -0.3183
50.8000 16.9167 -0.3167
50.8200 16.9233 -0.3246
50.8400 16.9299 -0.3193
50.8600 16.9366 -0.3178
50.8800 16.9433 -0.3245
50.9000 16.9500 -0.3200
50.9200 16.9567 -0.3156
50.9400 16.9634 -0.3216
50.9600 16.9700 -0.3246
50.9800 16.9767 -0.3158
51.0000 16.9833 -0.3244
51.0200 16.9899 -0.3205
51.0400 16.9966 -0.3163
51.0600 17.0033 -0.3235
51.0800 17.0101 -0.3210
51.1000 17.0168 -0.3178
51.1200 17.0234 -0.3242
51.1400 17.0301 -0.3251
51.1600 17.0367 -0.3203
51.1800 17.0433 -0.3200
51.2000 17.0500 -0.3204
51.2200 17.0566 -0.3219
51.2400 17.0634 -0.3216
51.2600 17.0701 -0.3224
51.2800 17.0767 -0.3239
51.3000 17.0834 -0.3180
51.3200 17.0901 -0.3210
51.3400 17.0967 -0.3258
51.3600 17.1033 -0.3167
51.3800 17.1099 -0.3231
51.4000 17.1166 -0.3256
51.4200 17.1233 -0.3202
51.4400 17.1300 -0.3205
51.4600 17.1367 -0.3306
51.4800 17.1434 -0.3202
51.5000 17.1501 -0.3215
51.5200 17.1567 -0.3272
51.5400 17.1633 -0.3205
51.5600 17.1699 -0.3190
51.5800 17.1766 -0.3294
51.6000 17.1833 -0.3208
51.6200 17.1900 -0.3240
51.6400 17.1967 -0.3320
51.6600 17.2034 -0.3204
51.6800 17.2101 -0.3244
51.7000 17.2167 -0.3332
51.7200 17.2233 -0.3203
51.7400 17.2299 -0.3246
51.7600 17.2366 -0.3270
51.7800 17.2433 -0.3223
51.8000 17.2500 -0.3275
51.8200 17.2567 -0.3268
51.8400 17.2634 -0.3252
51.8600 17.2701 -0.3270
51.8800 17.2768 -0.3274
51.9000 17.2834 -0.3251
51.9200 17.2900 -0.3263
51.9400 17.2966 -0.3240
51.9600 17.3033 -0.3255
51.9800 17.3101 -0.3271
52.0000 17.3167 -0.3246
52.0200 17.3234 -0.3250
52.0400 17.3301 -0.3262
52.0600 17.3368 -0.3273
52.0800 17.3434 -0.3320
52.1000 17.3500 -0.3202
52.1200 17.3566 -0.3256
52.1400 17.3633 -0.3324
52.1600 17.3700 -0.3205
52.1800 17.3767 -0.3317
52.2000 17.3834 -0.3342
52.2200 17.3901 -0.3208
52.2400 17.3967 -0.3309
52.2600 17.4033 -0.3280
52.2800 17.4099 -0.3231
52.3000 17.4166 -0.3318
52.3200 17.4233 -0.3294
52.3400 17.4300 -0.3202
52.3600 17.4367 -0.3332
52.3800 17.4433 -0.3255
52.4000 17.4500 -0.3233
52.4200 17.4567 -0.3354
52.4400 17.4633 -0.3283
52.4600 17.4700 -0.3177
52.4800 17.4766 -0.3327
52.5000 17.4833 -0.3297
52.5200 17.4901 -0.3209
52.5400 17.4968 -0.3347
52.5600 17.5034 -0.3273
52.5800 17.5101 -0.3247
52.6000 17.5168 -0.3394
52.6200 17.5234 -0.3263
52.6400 17.5300 -0.3265
52.6600 17.5366 -0.3347
52.6800 17.5433 -0.3292
52.7000 17.5501 -0.3313
52.7200 17.5568 -0.3363
52.7400 17.5634 -0.3303
52.7600 17.5701 -0.3244
52.7800 17.5767 -0.3373
52.8000 17.5833 -0.3270
52.8200 17.5899 -0.3288
52.8400 17.5966 -0.3333
52.8600 17.6033 -0.3303
52.8800 17.6100 -0.3256
52.9000 17.6167 -0.3369
52.9200 17.6234 -0.3327
52.9400 17.6301 -0.3264
52.9600 17.6367 -0.3331
52.9800 17.6434 -0.3326
53.0000 17.6500 -0.3246
53.0200 17.6566 -0.3327
53.0400 17.6633 -0.3336
53.0600 17.6700 -0.3280
53.0800 17.6767 -0.3332
53.1000 17.6834 -0.3328
53.1200 17.6900 -0.3286
53.1400 17.6967 -0.3347
53.1600 17.7033 -0.3304
53.1800 17.7100 -0.3292
53.2000 17.7166 -0.3373
53.2200 17.7233 -0.3292
53.2400 17.7301 -0.3324
53.2600 17.7368 -0.3369
53.2800 17.7434 -0.3306
53.3000 17.7501 -0.3322
53.3200 17.7568 -0.3364
53.3400 17.7634 -0.3299
53.3600 17.7700 -0.3279
53.3800 17.7766 -0.3375
53.4000 17.7834 -0.3319
53.4200 17.7901 -0.3282
53.4400 17.7968 -0.3421
53.4600 17.8034 -0.3322
53.4800 17.8101 -0.3246
53.5000 17.8168 -0.3384
53.5200 17.8234 -0.3364
53.5400 17.8300 -0.3230
53.5600 17.8366 -0.3449
53.5800 17.8433 -0.3317
53.6000 17.8500 -0.3258
53.6200 17.8567 -0.3446
53.6400 17.8634 -0.3355
53.6600 17.8700 -0.3268
53.6800 17.8767 -0.3456
53.7000 17.8833 -0.3311
53.7200 17.8899 -0.3266
53.7400 17.8966 -0.3435
53.7600 17.9033 -0.3314
53.7800 17.9100 -0.3297
53.8000 17.9167 -0.3456
53.8200 17.9234 -0.3285
53.8400 17.9300 -0.3354
53.8600 17.9367 -0.3446
53.8800 17.9434 -0.3293
53.9000 17.9500 -0.3340
53.9200 17.9566 -0.3428
53.9400 17.9633 -0.3287
53.9600 17.9700 -0.3330
53.9800 17.9767 -0.3424
54.0000 17.9834 -0.3289
54.0200 17.9901 -0.3365
54.0400 17.9968 -0.3428
54.0600 18.0034 -0.3301
54.0800 18.0100 -0.3411
54.1000 18.0166 -0.3406
54.1200 18.0233 -0.3306
54.1400 18.0300 -0.3381
54.1600 18.0367 -0.3370
54.1800 18.0434 -0.3336
54.2000 18.0501 -0.3384
54.2200 18.0568 -0.3419
54.2400 18.0634 -0.3363
54.2600 18.0700 -0.3406
54.2800 18.0766 -0.3381
54.3000 18.0833 -0.3370
54.3200 18.0901 -0.3417
54.3400 18.0968 -0.3446
54.3600 18.1034 -0.3392
54.3800 18.1101 -0.3356
54.4000 18.1167 -0.3463
54.4200 18.1234 -0.3438
54.4400 18.1300 -0.3372
54.4600 18.1366 -0.3455
54.4800 18.1433 -0.3417
54.5000 18.1500 -0.3390
54.5200 18.1567 -0.3449
54.5400 18.1633 -0.3406
54.5600 18.1700 -0.3423
54.5800 18.1767 -0.3472
54.6000 18.1834 -0.3436
54.6200 18.1900 -0.3389
54.6400 18.1966 -0.3469
54.6600 18.2033 -0.3390
54.6800 18.2100 -0.3451
54.7000 18.2167 -0.3519
54.7200 18.2234 -0.3393
54.7400 18.2301 -0.3455
54.7600 18.2368 -0.3472
54.7800 18.2434 -0.3377
54.8000 18.2500 -0.3472
54.8200 18.2566 -0.3466
54.8400 18.2633 -0.3377
54.8600 18.2701 -0.3469
54.8800 18.2768 -0.3466
54.9000 18.2834 -0.3363
54.9200 18.2901 -0.3475
54.9400 18.2968 -0.3469
54.9600 18.3034 -0.3410
54.9800 18.3100 -0.3498
55.0000 18.3166 -0.3442
55.0200 18.3233 -0.3389
55.0400 18.3300 -0.3557
55.0600 18.3367 -0.3443
55.0800 18.3434 -0.3422
55.1000 18.3501 -0.3480
55.1200 18.3567 -0.3442
55.1400 18.3634 -0.3424
55.1600 18.3700 -0.3521
55.1800 18.3766 -0.3427
55.2000 18.3832 -0.3396
55.2200 18.3900 -0.3494
55.2400 18.3967 -0.3437
55.2600 18.4033 -0.3475
55.2800 18.4100 -0.3481
55.3000 18.4167 -0.3443
55.3200 18.4233 -0.3510
55.3400 18.4300 -0.3475
55.3600 18.4366 -0.3446
55.3800 18.4433 -0.3474
55.4000 18.4500 -0.3495
55.4200 18.4567 -0.3481
55.4400 18.4634 -0.3479
55.4600 18.4701 -0.3469
55.4800 18.4768 -0.3474
55.5000 18.4834 -0.3513
55.5200 18.4900 -0.3447
55.5400 18.4967 -0.3512
55.5600 18.5034 -0.3490
55.5800 18.5100 -0.3486
55.6000 18.5167 -0.3485
55.6200 18.5234 -0.3475
55.6400 18.5301 -0.3558
55.6600 18.5368 -0.3513
55.6800 18.5434 -0.3498
55.7000 18.5500 -0.3554
55.7200 18.5566 -0.3463
55.7400 18.5633 -0.3551
55.7600 18.5700 -0.3563
55.7800 18.5767 -0.3517
55.8000 18.5834 -0.3509
55.8200 18.5901 -0.3602
55.8400 18.5967 -0.3546
55.8600 18.6034 -0.3559
55.8800 18.6100 -0.3576
55.9000 18.6166 -0.3531
55.9200 18.6233 -0.3541
55.9400 18.6300 -0.3583
55.9600 18.6367 -0.3541
55.9800 18.6434 -0.3585
56.0000 18.6501 -0.3555
56.0200 18.6567 -0.3555
56.0400 18.6634 -0.3591
56.0600 18.6700 -0.3594
56.0800 18.6766 -0.3584
56.1000 18.6833 -0.3557
56.1200 18.6900 -0.3604
56.1400 18.6967 -0.3556
56.1600 18.7034 -0.3604
56.1800 18.7101 -0.3600
56.2000 18.7168 -0.3617
56.2200 18.7234 -0.3593
56.2400 18.7300 -0.3597
56.2600 18.7366 -0.3581
56.2800 18.7433 -0.3560
56.3000 18.7500 -0.3654
56.3200 18.7567 -0.3609
56.3400 18.7634 -0.3543
56.3600 18.7701 -0.3635
56.3800 18.7768 -0.3610
56.4000 18.7834 -0.3590
56.4200 18.7900 -0.3614
56.4400 18.7966 -0.3597
56.4600 18.8033 -0.3546
56.4800 18.8100 -0.3636
56.5000 18.8167 -0.3577
56.5200 18.8234 -0.3550
56.5400 18.8301 -0.3640
56.5600 18.8367 -0.3555
56.5800 18.8434 -0.3537
56.6000 18.8500 -0.3655
56.6200 18.8566 -0.3574
56.6400 18.8632 -0.3524
56.6600 18.8699 -0.3638
56.6800 18.8767 -0.3597
56.7000 18.8834 -0.3551
56.7200 18.8901 -0.3651
56.7400 18.8967 -0.3572
56.7600 18.9034 -0.3543
56.7800 18.9100 -0.3647
56.8000 18.9166 -0.3591
56.8200 18.9233 -0.3528
56.8400 18.9300 -0.3662
56.8600 18.9367 -0.3586
56.8800 18.9434 -0.3535
56.9000 18.9501 -0.3646
56.9200 18.9568 -0.3581
56.9400 18.9634 -0.3614
56.9600 18.9700 -0.3627
56.9800 18.9766 -0.3558
57.0000 18.9833 -0.3544
57.0200 18.9900 -0.3636
57.0400 18.9967 -0.3548
57.0600 19.0034 -0.3639
57.0800 19.0101 -0.3651
57.1000 19.0168 -0.3570
57.1200 19.0234 -0.3624
57.1400 19.0300 -0.3643
57.1600 19.0366 -0.3581
57.1800 19.0432 -0.3626
57.2000 19.0500 -0.3597
57.2200 19.0567 -0.3615
57.2400 19.0634 -0.3682
57.2600 19.0701 -0.3570
57.2800 19.0767 -0.3594
57.3000 19.0834 -0.3737
57.3200 19.0900 -0.3591
57.3400 19.0966 -0.3595
57.3600 19.1033 -0.3706
57.3800 19.1100 -0.3602
57.4000 19.1167 -0.3651
57.4200 19.1234 -0.3732
57.4400 19.1301 -0.3543
57.4600 19.1367 -0.3705
57.4800 19.1434 -0.3735
57.5000 19.1500 -0.3532
57.5200 19.1566 -0.3706
57.5400 19.1633 -0.3665
57.5600 19.1700 -0.3578
57.5800 19.1767 -0.3749
57.6000 19.1834 -0.3661
57.6200 19.1901 -0.3624
57.6400 19.1967 -0.3748
57.6600 19.2034 -0.3638
57.6800 19.2101 -0.3693
57.7000 19.2167 -0.3780
57.7200 19.2233 -0.3608
57.7400 19.2300 -0.3647
57.7600 19.2367 -0.3809
57.7800 19.2434 -0.3595
57.8000 19.2501 -0.3727
57.8200 19.2568 -0.3728
57.8400 19.2635 -0.3628
57.8600 19.2701 -0.3759
57.8800 19.2766 -0.3733
57.9000 19.2833 -0.3633
57.9200 19.2900 -0.3725
57.9400 19.2967 -0.3747
57.9600 19.3034 -0.3665
57.9800 19.3100 -0.3695
58.0000 19.3167 -0.3714
58.0200 19.3234 -0.3652
58.0400 19.3300 -0.3725
58.0600 19.3366 -0.3708
58.0800 19.3433 -0.3698
58.1000 19.3500 -0.3723
58.1200 19.3567 -0.3687
58.1400 19.3633 -0.3728
58.1600 19.3700 -0.3715
58.1800 19.3767 -0.3773
58.2000 19.3834 -0.3746
58.2200 19.3900 -0.3707
58.2400 19.3967 -0.3758
58.2600 19.4033 -0.3710
58.2800 19.4100 -0.3712
58.3000 19.4167 -0.3801
58.3200 19.4234 -0.3739
58.3400 19.4301 -0.3697
58.3600 19.4368 -0.3785
58.3800 19.4435 -0.3773
58.4000 19.4501 -0.3776
58.4200 19.4566 -0.3812
58.4400 19.4633 -0.3676
58.4600 19.4700 -0.3799
58.4800 19.4767 -0.3837
58.5000 19.4834 -0.3729
58.5200 19.4901 -0.3798
58.5400 19.4968 -0.3821
58.5600 19.5034 -0.3797
58.5800 19.5100 -0.3818
58.6000 19.5166 -0.3777
58.6200 19.5233 -0.3830
58.6400 19.5300 -0.3845
58.6600 19.5367 -0.3774
58.6800 19.5434 -0.3819
58.7000 19.5500 -0.3872
58.7200 19.5567 -0.3763
58.7400 19.5634 -0.3866
58.7600 19.5700 -0.3866
58.7800 19.5766 -0.3770
58.8000 19.5832 -0.3866
58.8200 19.5899 -0.3838
58.8400 19.5967 -0.3791
58.8600 19.6034 -0.3892
58.8800 19.6100 -0.3835
58.9000 19.6167 -0.3839
58.9200 19.6234 -0.3944
58.9400 19.6300 -0.3814
58.9600 19.6366 -0.3839
58.9800 19.6433 -0.3925
59.0000 19.6500 -0.3846
59.0200 19.6567 -0.3847
59.0400 19.6634 -0.3961
59.0600 19.6701 -0.3846
59.0800 19.6768 -0.3827
59.1000 19.6834 -0.3916
59.1200 19.6901 -0.3909
59.1400 19.6967 -0.3871
59.1600 19.7033 -0.3951
59.1800 19.7100 -0.3826
59.2000 19.7167 -0.3900
59.2200 19.7234 -0.3906
59.2400 19.7301 -0.3878
59.2600 19.7367 -0.3903
59.2800 19.7434 -0.3924
59.3000 19.7500 -0.3973
59.3010 19.7503 -0.3985
