Raw Data
Time Displacement Force
(s) (mm) (N)
0.0000 -0.0001 -0.2659
0.0200 -0.0002 -0.2700
0.0400 -0.0021 -0.2860
0.0600 -0.0097 -0.2833
0.0800 -0.0216 -0.2726
0.1000 -0.0342 -0.2745
0.1200 -0.0470 -0.2718
0.1400 -0.0604 -0.2735
0.1600 -0.0744 -0.2685
0.1800 -0.0885 -0.2686
0.2000 -0.1023 -0.2649
0.2200 -0.1158 -0.2670
0.2400 -0.1292 -0.2659
0.2600 -0.1425 -0.2643
0.2800 -0.1558 -0.2637
0.3000 -0.1691 -0.2601
0.3200 -0.1825 -0.2606
0.3400 -0.1959 -0.2556
0.3600 -0.2092 -0.2552
0.3800 -0.2225 -0.2517
0.4000 -0.2358 -0.2539
0.4200 -0.2492 -0.2512
0.4400 -0.2626 -0.2509
0.4600 -0.2759 -0.2483
0.4800 -0.2892 -0.2482
0.5000 -0.3026 -0.2446
0.5200 -0.3160 -0.2449
0.5400 -0.3293 -0.2419
0.5600 -0.3426 -0.2389
0.5800 -0.3559 -0.2362
0.6000 -0.3693 -0.2330
0.6200 -0.3826 -0.2313
0.6400 -0.3959 -0.2284
0.6600 -0.4092 -0.2272
0.6800 -0.4226 -0.2254
0.7000 -0.4359 -0.2248
0.7200 -0.4492 -0.2219
0.7400 -0.4625 -0.2190
0.7600 -0.4758 -0.2174
0.7800 -0.4892 -0.2153
0.8000 -0.5026 -0.2130
0.8200 -0.5159 -0.2116
0.8400 -0.5292 -0.2086
0.8600 -0.5426 -0.2083
0.8800 -0.5560 -0.2061
0.9000 -0.5693 -0.2055
0.9200 -0.5826 -0.2050
0.9400 -0.5959 -0.2015
0.9600 -0.6093 -0.1987
0.9800 -0.6226 -0.1952
1.0000 -0.6359 -0.1945
1.0200 -0.6492 -0.1935
1.0400 -0.6626 -0.1927
1.0600 -0.6759 -0.1925
1.0800 -0.6892 -0.1886
1.1000 -0.7025 -0.1872
1.1200 -0.7158 -0.1850
1.1400 -0.7292 -0.1842
1.1600 -0.7426 -0.1808
1.1800 -0.7559 -0.1790
1.2000 -0.7692 -0.1760
1.2200 -0.7826 -0.1729
1.2400 -0.7960 -0.1719
1.2600 -0.8093 -0.1700
1.2800 -0.8226 -0.1652
1.3000 -0.8359 -0.1634
1.3200 -0.8493 -0.1622
1.3400 -0.8627 -0.1582
1.3600 -0.8760 -0.1578
1.3800 -0.8893 -0.1550
1.4000 -0.9026 -0.1549
1.4200 -0.9159 -0.1523
1.4400 -0.9292 -0.1514
1.4600 -0.9425 -0.1467
1.4800 -0.9558 -0.1464
1.5000 -0.9692 -0.1436
1.5200 -0.9825 -0.1416
1.5400 -0.9959 -0.1387
1.5600 -1.0092 -0.1397
1.5800 -1.0226 -0.1361
1.6000 -1.0360 -0.1328
1.6200 -1.0493 -0.1316
1.6400 -1.0626 -0.1288
1.6600 -1.0759 -0.1282
1.6800 -1.0893 -0.1271
1.7000 -1.1026 -0.1235
1.7200 -1.1159 -0.1215
1.7400 -1.1292 -0.1215
1.7600 -1.1426 -0.1177
1.7800 -1.1559 -0.1150
1.8000 -1.1692 -0.1144
1.8200 -1.1825 -0.1131
1.8400 -1.1958 -0.1115
1.8600 -1.2092 -0.1091
1.8800 -1.2226 -0.1078
1.9000 -1.2359 -0.1080
1.9200 -1.2492 -0.1068
1.9400 -1.2626 -0.1048
1.9600 -1.2760 -0.1016
1.9800 -1.2893 -0.1027
2.0000 -1.3026 -0.1006
2.0200 -1.3159 -0.1012
2.0400 -1.3292 -0.1005
2.0600 -1.3426 -0.0986
2.0800 -1.3559 -0.0956
2.1000 -1.3693 -0.0980
2.1200 -1.3826 -0.0937
2.1400 -1.3959 -0.0930
2.1600 -1.4093 -0.0921
2.1800 -1.4226 -0.0911
2.2000 -1.4359 -0.0917
2.2200 -1.4492 -0.0891
2.2400 -1.4626 -0.0862
2.2600 -1.4759 -0.0848
2.2800 -1.4892 -0.0843
2.3000 -1.5026 -0.0819
2.3200 -1.5160 -0.0812
2.3400 -1.5293 -0.0808
2.3600 -1.5426 -0.0785
2.3800 -1.5560 -0.0784
2.4000 -1.5693 -0.0773
2.4200 -1.5827 -0.0768
2.4400 -1.5960 -0.0765
2.4600 -1.6093 -0.0764
2.4800 -1.6226 -0.0756
2.5000 -1.6359 -0.0743
2.5200 -1.6492 -0.0729
2.5400 -1.6625 -0.0696
2.5600 -1.6758 -0.0702
2.5800 -1.6892 -0.0674
2.6000 -1.7026 -0.0639
2.6200 -1.7159 -0.0600
2.6400 -1.7292 -0.0626
2.6600 -1.7426 -0.0603
2.6800 -1.7559 -0.0617
2.7000 -1.7693 -0.0592
2.7200 -1.7826 -0.0563
2.7400 -1.7959 -0.0530
2.7600 -1.8093 -0.0524
2.7800 -1.8226 -0.0504
2.8000 -1.8359 -0.0499
2.8200 -1.8492 -0.0498
2.8400 -1.8626 -0.0464
2.8600 -1.8759 -0.0441
2.8800 -1.8893 -0.0432
2.9000 -1.9025 -0.0393
2.9200 -1.9158 -0.0393
2.9400 -1.9292 -0.0384
2.9600 -1.9426 -0.0352
2.9800 -1.9559 -0.0339
3.0000 -1.9692 -0.0337
3.0200 -1.9825 -0.0321
3.0400 -1.9959 -0.0303
3.0600 -2.0093 -0.0308
3.0800 -2.0226 -0.0272
3.1000 -2.0359 -0.0252
3.1200 -2.0493 -0.0245
3.1400 -2.0626 -0.0217
3.1600 -2.0760 -0.0186
3.1800 -2.0893 -0.0206
3.2000 -2.1026 -0.0174
3.2200 -2.1160 -0.0163
3.2400 -2.1293 -0.0155
3.2600 -2.1426 -0.0125
3.2800 -2.1559 -0.0119
3.3000 -2.1692 -0.0113
3.3200 -2.1826 -0.0074
3.3400 -2.1959 -0.0066
3.3600 -2.2092 -0.0052
3.3800 -2.2226 -0.0035
3.4000 -2.2360 -0.0024
3.4200 -2.2493 -0.0005
3.4400 -2.2626 0.0029
3.4600 -2.2759 0.0054
3.4800 -2.2893 0.0058
3.5000 -2.3026 0.0086
3.5200 -2.3159 0.0093
3.5400 -2.3292 0.0113
3.5600 -2.3426 0.0131
3.5800 -2.3559 0.0149
3.6000 -2.3692 0.0177
3.6200 -2.3825 0.0193
3.6400 -2.3959 0.0207
3.6600 -2.4092 0.0217
3.6800 -2.4226 0.0265
3.7000 -2.4359 0.0278
3.7200 -2.4492 0.0269
3.7400 -2.4626 0.0282
3.7600 -2.4759 0.0287
3.7800 -2.4893 0.0311
3.8000 -2.5026 0.0334
3.8200 -2.5159 0.0338
3.8400 -2.5293 0.0334
3.8600 -2.5426 0.0348
3.8800 -2.5560 0.0358
3.9000 -2.5693 0.0347
3.9200 -2.5826 0.0361
3.9400 -2.5959 0.0380
3.9600 -2.6092 0.0369
3.9800 -2.6225 0.0388
4.0000 -2.6359 0.0393
4.0200 -2.6492 0.0413
4.0400 -2.6626 0.0416
4.0600 -2.6759 0.0423
4.0800 -2.6893 0.0430
4.1000 -2.7026 0.0456
4.1200 -2.7159 0.0460
4.1400 -2.7293 0.0452
4.1600 -2.7426 0.0468
4.1800 -2.7559 0.0505
4.2000 -2.7692 0.0501
4.2200 -2.7826 0.0517
4.2400 -2.7959 0.0545
4.2600 -2.8093 0.0511
4.2800 -2.8226 0.0549
4.3000 -2.8360 0.0549
4.3200 -2.8493 0.0551
4.3400 -2.8626 0.0569
4.3600 -2.8759 0.0585
4.3800 -2.8892 0.0575
4.4000 -2.9025 0.0587
4.4200 -2.9159 0.0612
4.4400 -2.9292 0.0605
4.4600 -2.9425 0.0634
4.4800 -2.9559 0.0654
4.5000 -2.9693 0.0643
4.5200 -2.9826 0.0667
4.5400 -2.9959 0.0698
4.5600 -3.0093 0.0676
4.5800 -3.0226 0.0713
4.6000 -3.0360 0.0737
4.6200 -3.0493 0.0750
4.6400 -3.0626 0.0756
4.6600 -3.0759 0.0799
4.6800 -3.0892 0.0781
4.7000 -3.1026 0.0790
4.7200 -3.1159 0.0817
4.7400 -3.1292 0.0815
4.7600 -3.1426 0.0851
4.7800 -3.1559 0.0882
4.8000 -3.1692 0.0881
4.8200 -3.1826 0.0901
4.8400 -3.1959 0.0912
4.8600 -3.2093 0.0929
4.8800 -3.2227 0.0961
4.9000 -3.2359 0.0967
4.9200 -3.2493 0.0970
4.9400 -3.2626 0.1002
4.9600 -3.2760 0.1027
4.9800 -3.2893 0.1028
5.0000 -3.3026 0.1020
5.0200 -3.3159 0.1079
5.0400 -3.3293 0.1062
5.0600 -3.3426 0.1102
5.0800 -3.3558 0.1099
5.1000 -3.3692 0.1090
5.1200 -3.3825 0.1115
5.1400 -3.3959 0.1150
5.1600 -3.4092 0.1137
5.1800 -3.4226 0.1163
5.2000 -3.4359 0.1169
5.2200 -3.4493 0.1174
5.2400 -3.4626 0.1188
5.2600 -3.4759 0.1212
5.2800 -3.4893 0.1201
5.3000 -3.5026 0.1221
5.3200 -3.5160 0.1257
5.3400 -3.5293 0.1260
5.3600 -3.5426 0.1277
5.3800 -3.5559 0.1295
5.4000 -3.5693 0.1292
5.4200 -3.5826 0.1307
5.4400 -3.5958 0.1339
5.4600 -3.6092 0.1328
5.4800 -3.6225 0.1346
5.5000 -3.6359 0.1370
5.5200 -3.6492 0.1367
5.5400 -3.6625 0.1385
5.5600 -3.6759 0.1405
5.5800 -3.6893 0.1385
5.6000 -3.7026 0.1425
5.6200 -3.7160 0.1432
5.6400 -3.7293 0.1425
5.6600 -3.7427 0.1444
5.6800 -3.7560 0.1480
5.7000 -3.7693 0.1488
5.7200 -3.7826 0.1509
5.7400 -3.7959 0.1524
5.7600 -3.8093 0.1549
5.7800 -3.8226 0.1523
5.8000 -3.8359 0.1526
5.8200 -3.8492 0.1527
5.8400 -3.8626 0.1562
5.8600 -3.8759 0.1581
5.8800 -3.8892 0.1566
5.9000 -3.9025 0.1565
5.9200 -3.9159 0.1591
5.9400 -3.9293 0.1588
5.9600 -3.9426 0.1607
5.9800 -3.9559 0.1623
6.0000 -3.9692 0.1612
6.0200 -3.9826 0.1621
6.0400 -3.9960 0.1638
6.0600 -4.0093 0.1628
6.0800 -4.0227 0.1616
6.1000 -4.0360 0.1648
6.1200 -4.0493 0.1619
6.1400 -4.0626 0.1657
6.1600 -4.0759 0.1665
6.1800 -4.0892 0.1672
6.2000 -4.1025 0.1678
6.2200 -4.1159 0.1705
6.2400 -4.1292 0.1708
6.2600 -4.1425 0.1718
6.2800 -4.1559 0.1724
6.3000 -4.1693 0.1718
6.3200 -4.1826 0.1731
6.3400 -4.1959 0.1735
6.3600 -4.2092 0.1739
6.3800 -4.2226 0.1748
6.4000 -4.2359 0.1794
6.4200 -4.2493 0.1757
6.4400 -4.2626 0.1799
6.4600 -4.2760 0.1808
6.4800 -4.2893 0.1798
6.5000 -4.3026 0.1824
6.5200 -4.3159 0.1841
6.5400 -4.3292 0.1835
6.5600 -4.3425 0.1857
6.5800 -4.3559 0.1891
6.6000 -4.3692 0.1890
6.6200 -4.3825 0.1891
6.6400 -4.3959 0.1918
6.6600 -4.4093 0.1914
6.6800 -4.4226 0.1946
6.7000 -4.4360 0.1951
6.7200 -4.4493 0.1956
6.7400 -4.4626 0.1967
6.7600 -4.4760 0.2012
6.7800 -4.4893 0.2002
6.8000 -4.5026 0.2002
6.8200 -4.5159 0.2011
6.8400 -4.5292 0.2040
6.8600 -4.5425 0.2047
6.8800 -4.5558 0.2073
6.9000 -4.5692 0.2053
6.9200 -4.5825 0.2055
6.9400 -4.5959 0.2099
6.9600 -4.6092 0.2101
6.9800 -4.6226 0.2128
7.0000 -4.6359 0.2130
7.0200 -4.6493 0.2136
7.0400 -4.6627 0.2132
7.0600 -4.6760 0.2170
7.0800 -4.6893 0.2166
7.1000 -4.7026 0.2172
7.1200 -4.7160 0.2171
7.1400 -4.7293 0.2189
7.1600 -4.7426 0.2173
7.1800 -4.7559 0.2220
7.2000 -4.7693 0.2207
7.2200 -4.7826 0.2234
7.2400 -4.7959 0.2246
7.2600 -4.8092 0.2251
7.2800 -4.8226 0.2253
7.3000 -4.8359 0.2284
7.3200 -4.8492 0.2274
7.3400 -4.8625 0.2266
7.3600 -4.8759 0.2299
7.3800 -4.8893 0.2306
7.4000 -4.9026 0.2322
7.4200 -4.9159 0.2357
7.4400 -4.9293 0.2357
7.4600 -4.9426 0.2340
7.4800 -4.9560 0.2354
7.5000 -4.9693 0.2341
7.5200 -4.9826 0.2347
7.5400 -4.9959 0.2428
7.5600 -5.0092 0.2477
7.5800 -5.0226 0.2541
7.6000 -5.0359 0.2573
7.6200 -5.0492 0.2593
7.6400 -5.0625 0.2558
7.6600 -5.0759 0.2593
7.6800 -5.0893 0.2594
7.7000 -5.1026 0.2597
7.7200 -5.1159 0.2627
7.7400 -5.1293 0.2612
7.7600 -5.1426 0.2607
7.7800 -5.1560 0.2613
7.8000 -5.1693 0.2598
7.8200 -5.1826 0.2585
7.8400 -5.1959 0.2608
7.8600 -5.2093 0.2597
7.8800 -5.2226 0.2588
7.9000 -5.2359 0.2605
7.9200 -5.2492 0.2599
7.9400 -5.2625 0.2582
7.9600 -5.2758 0.2620
7.9800 -5.2892 0.2621
8.0000 -5.3025 0.2613
8.0200 -5.3159 0.2644
8.0400 -5.3293 0.2640
8.0600 -5.3426 0.2625
8.0800 -5.3559 0.2647
8.1000 -5.3693 0.2645
8.1200 -5.3827 0.2651
8.1400 -5.3960 0.2659
8.1600 -5.4093 0.2661
8.1800 -5.4226 0.2670
8.2000 -5.4360 0.2704
8.2200 -5.4493 0.2727
8.2400 -5.4626 0.2705
8.2600 -5.4759 0.2732
8.2800 -5.4892 0.2739
8.3000 -5.5026 0.2748
8.3200 -5.5159 0.2761
8.3400 -5.5291 0.2779
8.3600 -5.5425 0.2790
8.3800 -5.5559 0.2817
8.4000 -5.5692 0.2815
8.4200 -5.5826 0.2811
8.4400 -5.5959 0.2863
8.4600 -5.6093 0.2863
8.4800 -5.6226 0.2862
8.5000 -5.6360 0.2880
8.5200 -5.6493 0.2904
8.5400 -5.6626 0.2910
8.5600 -5.6760 0.2960
8.5800 -5.6893 0.2961
8.6000 -5.7026 0.2983
8.6200 -5.7159 0.2995
8.6400 -5.7292 0.3003
8.6600 -5.7426 0.3005
8.6800 -5.7559 0.3035
8.7000 -5.7692 0.3027
8.7200 -5.7825 0.3027
8.7400 -5.7959 0.3039
8.7600 -5.8092 0.3074
8.7800 -5.8225 0.3044
8.8000 -5.8359 0.3086
8.8200 -5.8492 0.3081
8.8400 -5.8626 0.3088
8.8600 -5.8760 0.3085
8.8800 -5.8893 0.3111
8.9000 -5.9026 0.3121
8.9200 -5.9160 0.3147
8.9400 -5.9293 0.3137
8.9600 -5.9426 0.3125
8.9800 -5.9559 0.3147
9.0000 -5.9692 0.3159
9.0200 -5.9826 0.3148
9.0400 -5.9959 0.3174
9.0600 -6.0092 0.3172
9.0800 -6.0225 0.3172
9.1000 -6.0359 0.3192
9.1200 -6.0493 0.3195
9.1400 -6.0626 0.3168
9.1600 -6.0759 0.3185
9.1800 -6.0893 0.3207
9.2000 -6.1026 0.3191
9.2200 -6.1159 0.3222
9.2400 -6.1292 0.3205
9.2600 -6.1425 0.3210
9.2800 -6.1559 0.3221
9.3000 -6.1693 0.3271
9.3200 -6.1826 0.3226
9.3400 -6.1959 0.3269
9.3600 -6.2093 0.3267
9.3800 -6.2226 0.3256
9.4000 -6.2359 0.3275
9.4200 -6.2492 0.3279
9.4400 -6.2625 0.3260
9.4600 -6.2759 0.3301
9.4800 -6.2892 0.3302
9.5000 -6.3025 0.3315
9.5200 -6.3159 0.3321
9.5400 -6.3293 0.3328
9.5600 -6.3427 0.3304
9.5800 -6.3560 0.3388
9.6000 -6.3693 0.3364
9.6200 -6.3826 0.3378
9.6400 -6.3960 0.3364
9.6600 -6.4093 0.3412
9.6800 -6.4226 0.3383
9.7000 -6.4359 0.3429
9.7200 -6.4492 0.3438
9.7400 -6.4626 0.3454
9.7600 -6.4759 0.3477
9.7800 -6.4892 0.3497
9.8000 -6.5025 0.3480
9.8200 -6.5159 0.3514
9.8400 -6.5292 0.3532
9.8600 -6.5426 0.3498
9.8800 -6.5559 0.3537
9.9000 -6.5693 0.3527
9.9200 -6.5826 0.3538
9.9400 -6.5960 0.3549
9.9600 -6.6093 0.3558
9.9800 -6.6226 0.3557
10.0000 -6.6360 0.3571
10.0200 -6.6493 0.3583
10.0400 -6.6626 0.3589
10.0600 -6.6759 0.3585
10.0800 -6.6893 0.3601
10.1000 -6.7026 0.3610
10.1200 -6.7159 0.3633
10.1400 -6.7292 0.3643
10.1600 -6.7425 0.3627
10.1800 -6.7559 0.3649
10.2000 -6.7692 0.3664
10.2200 -6.7826 0.3627
10.2400 -6.7959 0.3668
10.2600 -6.8092 0.3655
10.2800 -6.8226 0.3661
10.3000 -6.8360 0.3674
10.3200 -6.8493 0.3666
10.3400 -6.8626 0.3660
10.3600 -6.8759 0.3687
10.3800 -6.8893 0.3690
10.4000 -6.9026 0.3659
10.4200 -6.9159 0.3709
10.4400 -6.9293 0.3682
10.4600 -6.9426 0.3682
10.4800 -6.9559 0.3670
10.5000 -6.9692 0.3692
10.5200 -6.9825 0.3679
10.5400 -6.9959 0.3702
10.5600 -7.0092 0.3694
10.5800 -7.0226 0.3688
10.6000 -7.0359 0.3695
10.6200 -7.0493 0.3723
10.6400 -7.0626 0.3712
10.6600 -7.0760 0.3719
10.6800 -7.0893 0.3731
10.7000 -7.1026 0.3720
10.7200 -7.1159 0.3749
10.7400 -7.1293 0.3758
10.7600 -7.1426 0.3775
10.7800 -7.1559 0.3786
10.8000 -7.1692 0.3805
10.8200 -7.1826 0.3796
10.8400 -7.1959 0.3801
10.8600 -7.2092 0.3817
10.8800 -7.2225 0.3812
10.9000 -7.2359 0.3813
10.9200 -7.2493 0.3845
10.9400 -7.2626 0.3840
10.9600 -7.2759 0.3850
10.9800 -7.2892 0.3865
11.0000 -7.3026 0.3884
11.0200 -7.3160 0.3899
11.0400 -7.3293 0.3924
11.0600 -7.3426 0.3902
11.0800 -7.3559 0.3933
11.1000 -7.3693 0.3960
11.1200 -7.3826 0.3970
11.1400 -7.3959 0.3944
11.1600 -7.4092 0.3997
11.1800 -7.4225 0.3962
11.2000 -7.4359 0.4002
11.2200 -7.4492 0.3982
11.2400 -7.4625 0.3999
11.2600 -7.4759 0.3998
11.2800 -7.4893 0.4023
11.3000 -7.5026 0.4008
11.3200 -7.5159 0.4028
11.3400 -7.5293 0.4047
11.3600 -7.5426 0.4041
11.3800 -7.5560 0.4051
11.4000 -7.5693 0.4077
11.4200 -7.5826 0.4078
11.4400 -7.5959 0.4060
11.4600 -7.6093 0.4093
11.4800 -7.6226 0.4083
11.5000 -7.6360 0.4126
11.5200 -7.6493 0.4141
11.5400 -7.6626 0.4150
11.5600 -7.6760 0.4149
11.5800 -7.6892 0.4177
11.6000 -7.7025 0.4163
11.6200 -7.7159 0.4193
11.6400 -7.7292 0.4209
11.6600 -7.7425 0.4206
11.6800 -7.7558 0.4208
11.7000 -7.7692 0.4242
11.7200 -7.7826 0.4235
11.7400 -7.7960 0.4247
11.7600 -7.8093 0.4272
11.7800 -7.8226 0.4293
11.8000 -7.8360 0.4282
11.8200 -7.8493 0.4301
11.8400 -7.8627 0.4300
11.8600 -7.8759 0.4314
11.8800 -7.8892 0.4340
11.9000 -7.9026 0.4367
11.9200 -7.9159 0.4368
11.9400 -7.9292 0.4389
11.9600 -7.9425 0.4371
11.9800 -7.9559 0.4390
12.0000 -7.9692 0.4400
12.0200 -7.9826 0.4402
12.0400 -7.9959 0.4408
12.0600 -8.0093 0.4425
12.0800 -8.0226 0.4418
12.1000 -8.0360 0.4424
12.1200 -8.0493 0.4450
12.1400 -8.0626 0.4435
12.1600 -8.0759 0.4458
12.1800 -8.0893 0.4470
12.2000 -8.1026 0.4484
12.2200 -8.1159 0.4477
12.2400 -8.1292 0.4506
12.2600 -8.1426 0.4487
12.2800 -8.1559 0.4496
12.3000 -8.1692 0.4508
12.3200 -8.1825 0.4491
12.3400 -8.1959 0.4477
12.3600 -8.2092 0.4503
12.3800 -8.2226 0.4509
12.4000 -8.2359 0.4487
12.4200 -8.2492 0.4516
12.4400 -8.2626 0.4499
12.4600 -8.2759 0.4491
12.4800 -8.2893 0.4500
12.5000 -8.3026 0.4495
12.5200 -8.3160 0.4501
12.5400 -8.3293 0.4525
12.5600 -8.3426 0.4527
12.5800 -8.3559 0.4500
12.6000 -8.3692 0.4518
12.6200 -8.3826 0.4525
12.6400 -8.3959 0.4533
12.6600 -8.4092 0.4529
12.6800 -8.4225 0.4546
12.7000 -8.4358 0.4530
12.7200 -8.4492 0.4547
12.7400 -8.4626 0.4564
12.7600 -8.4759 0.4555
12.7800 -8.4892 0.4592
12.8000 -8.5026 0.4566
12.8200 -8.5160 0.4576
12.8400 -8.5293 0.4593
12.8600 -8.5426 0.4585
12.8800 -8.5559 0.4580
12.9000 -8.5693 0.4608
12.9200 -8.5826 0.4584
12.9400 -8.5960 0.4597
12.9600 -8.6093 0.4598
12.9800 -8.6226 0.4608
13.0000 -8.6359 0.4600
13.0200 -8.6492 0.4624
13.0400 -8.6625 0.4626
13.0600 -8.6759 0.4627
13.0800 -8.6892 0.4659
13.1000 -8.7026 0.4632
13.1200 -8.7159 0.4633
13.1400 -8.7292 0.4643
13.1600 -8.7426 0.4660
13.1800 -8.7560 0.4660
13.2000 -8.7693 0.4700
13.2200 -8.7826 0.4688
13.2400 -8.7959 0.4681
13.2600 -8.8093 0.4685
13.2800 -8.8227 0.4693
13.3000 -8.8360 0.4685
13.3200 -8.8493 0.4727
13.3400 -8.8626 0.4701
13.3600 -8.8760 0.4721
13.3800 -8.8892 0.4732
13.4000 -8.9025 0.4734
13.4200 -8.9159 0.4746
13.4400 -8.9292 0.4766
13.4600 -8.9426 0.4749
13.4800 -8.9559 0.4777
13.5000 -8.9692 0.4776
13.5200 -8.9826 0.4800
13.5400 -8.9959 0.4798
13.5600 -9.0093 0.4821
13.5800 -9.0226 0.4813
13.6000 -9.0359 0.4845
13.6200 -9.0493 0.4864
13.6400 -9.0626 0.4850
13.6600 -9.0760 0.4865
13.6800 -9.0893 0.4900
13.7000 -9.1026 0.4904
13.7200 -9.1160 0.4900
13.7400 -9.1293 0.4922
13.7600 -9.1425 0.4918
13.7800 -9.1559 0.4938
13.8000 -9.1692 0.4951
13.8200 -9.1826 0.4967
13.8400 -9.1959 0.4946
13.8600 -9.2092 0.4966
13.8800 -9.2226 0.4956
13.9000 -9.2360 0.4974
13.9200 -9.2493 0.4983
13.9400 -9.2626 0.4990
13.9600 -9.2760 0.5003
13.9800 -9.2893 0.5019
14.0000 -9.3027 0.5027
14.0200 -9.3160 0.5026
14.0400 -9.3292 0.5041
14.0600 -9.3425 0.5066
14.0800 -9.3559 0.5047
14.1000 -9.3692 0.5061
14.1200 -9.3825 0.5049
14.1400 -9.3958 0.5033
14.1600 -9.4092 0.5061
14.1800 -9.4226 0.5068
14.2000 -9.4359 0.5044
14.2200 -9.4492 0.5064
14.2400 -9.4626 0.5059
14.2600 -9.4760 0.5048
14.2800 -9.4893 0.5063
14.3000 -9.5026 0.5068
14.3200 -9.5159 0.5066
14.3400 -9.5293 0.5063
14.3600 -9.5426 0.5082
14.3800 -9.5560 0.5073
14.4000 -9.5693 0.5106
14.4200 -9.5826 0.5089
14.4400 -9.5960 0.5065
14.4600 -9.6093 0.5072
14.4800 -9.6225 0.5075
14.5000 -9.6359 0.5069
14.5200 -9.6492 0.5076
14.5400 -9.6626 0.5065
14.5600 -9.6759 0.5075
14.5800 -9.6892 0.5084
14.6000 -9.7026 0.5100
14.6200 -9.7160 0.5091
14.6400 -9.7293 0.5101
14.6600 -9.7426 0.5111
14.6800 -9.7559 0.5107
14.7000 -9.7693 0.5135
14.7200 -9.7826 0.5134
14.7400 -9.7959 0.5151
14.7600 -9.8092 0.5163
14.7800 -9.8226 0.5188
14.8000 -9.8359 0.5153
14.8200 -9.8492 0.5203
14.8400 -9.8625 0.5216
14.8600 -9.8758 0.5228
14.8800 -9.8892 0.5232
14.9000 -9.9026 0.5257
14.9200 -9.9159 0.5219
14.9400 -9.9292 0.5254
14.9600 -9.9426 0.5279
14.9800 -9.9560 0.5274
15.0000 -9.9693 0.5284
15.0200 -9.9826 0.5299
15.0400 -9.9959 0.5305
15.0600 -10.0093 0.5330
15.0800 -10.0226 0.5325
15.1000 -10.0359 0.5317
15.1200 -10.0492 0.5349
15.1400 -10.0626 0.5343
15.1600 -10.0759 0.5340
15.1800 -10.0892 0.5351
15.2000 -10.1025 0.5367
15.2200 -10.1159 0.5346
15.2400 -10.1292 0.5374
15.2600 -10.1426 0.5388
15.2800 -10.1559 0.5381
15.3000 -10.1692 0.5401
15.3200 -10.1826 0.5421
15.3400 -10.1960 0.5427
15.3600 -10.2093 0.5449
15.3800 -10.2226 0.5456
15.4000 -10.2359 0.5460
15.4200 -10.2493 0.5452
15.4400 -10.2627 0.5488
15.4600 -10.2760 0.5485
15.4800 -10.2893 0.5516
15.5000 -10.3026 0.5493
15.5200 -10.3159 0.5506
15.5400 -10.3292 0.5501
15.5600 -10.3425 0.5539
15.5800 -10.3558 0.5517
15.6000 -10.3692 0.5564
15.6200 -10.3826 0.5558
15.6400 -10.3959 0.5561
15.6600 -10.4092 0.5559
15.6800 -10.4226 0.5596
15.7000 -10.4360 0.5583
15.7200 -10.4493 0.5579
15.7400 -10.4627 0.5606
15.7600 -10.4760 0.5591
15.7800 -10.4893 0.5601
15.8000 -10.5027 0.5601
15.8200 -10.5160 0.5595
15.8400 -10.5293 0.5615
15.8600 -10.5426 0.5646
15.8800 -10.5559 0.5653
15.9000 -10.5692 0.5646
15.9200 -10.5825 0.5643
15.9400 -10.5958 0.5643
15.9600 -10.6092 0.5650
15.9800 -10.6225 0.5661
16.0000 -10.6359 0.5640
16.0200 -10.6492 0.5665
16.0400 -10.6626 0.5679
16.0600 -10.6760 0.5673
16.0800 -10.6893 0.5684
16.1000 -10.7026 0.5692
16.1200 -10.7159 0.5692
16.1400 -10.7293 0.5672
16.1600 -10.7426 0.5687
16.1800 -10.7560 0.5695
16.2000 -10.7692 0.5691
16.2200 -10.7826 0.5712
16.2400 -10.7959 0.5700
16.2600 -10.8092 0.5699
16.2800 -10.8225 0.5700
16.3000 -10.8358 0.5707
16.3200 -10.8492 0.5727
16.3400 -10.8626 0.5735
16.3600 -10.8759 0.5723
16.3800 -10.8892 0.5759
16.4000 -10.9026 0.5774
16.4200 -10.9159 0.5751
16.4400 -10.9293 0.5773
16.4600 -10.9426 0.5798
16.4800 -10.9559 0.5787
16.5000 -10.9692 0.5776
16.5200 -10.9826 0.5826
16.5400 -10.9959 0.5805
16.5600 -11.0093 0.5828
16.5800 -11.0226 0.5820
16.6000 -11.0359 0.5830
16.6200 -11.0493 0.5855
16.6400 -11.0626 0.5848
16.6600 -11.0759 0.5868
16.6800 -11.0892 0.5872
16.7000 -11.1026 0.5878
16.7200 -11.1159 0.5891
16.7400 -11.1292 0.5896
16.7600 -11.1426 0.5910
16.7800 -11.1560 0.5921
16.8000 -11.1693 0.5957
16.8200 -11.1827 0.5965
16.8400 -11.1960 0.5966
16.8600 -11.2093 0.5963
16.8800 -11.2227 0.5986
16.9000 -11.2360 0.5980
16.9200 -11.2493 0.5998
16.9400 -11.2626 0.5988
16.9600 -11.2759 0.5998
16.9800 -11.2893 0.5993
17.0000 -11.3026 0.6027
17.0200 -11.3159 0.6026
17.0400 -11.3292 0.6022
17.0600 -11.3426 0.6049
17.0800 -11.3559 0.6048
17.1000 -11.3692 0.6064
17.1200 -11.3826 0.6083
17.1400 -11.3959 0.6087
17.1600 -11.4093 0.6092
17.1800 -11.4226 0.6102
17.2000 -11.4359 0.6099
17.2200 -11.4493 0.6122
17.2400 -11.4626 0.6137
17.2600 -11.4760 0.6128
17.2800 -11.4893 0.6125
17.3000 -11.5026 0.6154
17.3200 -11.5159 0.6151
17.3400 -11.5293 0.6162
17.3600 -11.5426 0.6167
17.3800 -11.5559 0.6167
17.4000 -11.5692 0.6148
17.4200 -11.5826 0.6167
17.4400 -11.5959 0.6168
17.4600 -11.6092 0.6173
17.4800 -11.6225 0.6173
17.5000 -11.6359 0.6195
17.5200 -11.6493 0.6206
17.5400 -11.6626 0.6210
17.5600 -11.6759 0.6189
17.5800 -11.6892 0.6218
17.6000 -11.7026 0.6225
17.6200 -11.7160 0.6225
17.6400 -11.7293 0.6250
17.6600 -11.7426 0.6257
17.6800 -11.7559 0.6273
17.7000 -11.7693 0.6268
17.7200 -11.7826 0.6275
17.7400 -11.7959 0.6261
17.7600 -11.8092 0.6264
17.7800 -11.8226 0.6279
17.8000 -11.8359 0.6298
17.8200 -11.8492 0.6269
17.8400 -11.8626 0.6288
17.8600 -11.8759 0.6268
17.8800 -11.8893 0.6289
17.9000 -11.9026 0.6289
17.9200 -11.9159 0.6283
17.9400 -11.9292 0.6262
17.9600 -11.9426 0.6308
17.9800 -11.9559 0.6292
18.0000 -11.9692 0.6300
18.0200 -11.9826 0.6290
18.0400 -11.9959 0.6312
18.0600 -12.0093 0.6298
18.0800 -12.0226 0.6300
18.1000 -12.0359 0.6284
18.1200 -12.0492 0.6276
18.1400 -12.0626 0.6273
18.1600 -12.0759 0.6280
18.1800 -12.0892 0.6276
18.2000 -12.1026 0.6276
18.2200 -12.1159 0.6297
18.2400 -12.1293 0.6283
18.2600 -12.1426 0.6267
18.2800 -12.1559 0.6281
18.3000 -12.1693 0.6277
18.3200 -12.1826 0.6295
18.3400 -12.1960 0.6307
18.3600 -12.2093 0.6305
18.3800 -12.2226 0.6301
18.4000 -12.2359 0.6297
18.4200 -12.2492 0.6301
18.4400 -12.2626 0.6331
18.4600 -12.2759 0.6336
18.4800 -12.2892 0.6328
18.5000 -12.3026 0.6324
18.5200 -12.3159 0.6339
18.5400 -12.3292 0.6366
18.5600 -12.3426 0.6360
18.5800 -12.3559 0.6383
18.6000 -12.3693 0.6350
18.6200 -12.3826 0.6372
18.6400 -12.3959 0.6382
18.6600 -12.4093 0.6396
18.6800 -12.4226 0.6409
18.7000 -12.4360 0.6416
18.7200 -12.4493 0.6415
18.7400 -12.4626 0.6432
18.7600 -12.4759 0.6474
18.7800 -12.4893 0.6482
18.8000 -12.5026 0.6491
18.8200 -12.5159 0.6477
18.8400 -12.5292 0.6501
18.8600 -12.5425 0.6504
18.8800 -12.5559 0.6548
18.9000 -12.5692 0.6532
18.9200 -12.5825 0.6562
18.9400 -12.5959 0.6553
18.9600 -12.6093 0.6560
18.9800 -12.6226 0.6579
19.0000 -12.6359 0.6602
19.0200 -12.6493 0.6608
19.0400 -12.6626 0.6606
19.0600 -12.6760 0.6633
19.0800 -12.6893 0.6630
19.1000 -12.7026 0.6645
19.1200 -12.7159 0.6654
19.1400 -12.7292 0.6662
19.1600 -12.7426 0.6664
19.1800 -12.7559 0.6694
19.2000 -12.7692 0.6675
19.2200 -12.7826 0.6715
19.2400 -12.7959 0.6714
19.2600 -12.8093 0.6736
19.2800 -12.8226 0.6742
19.3000 -12.8359 0.6750
19.3200 -12.8493 0.6746
19.3400 -12.8626 0.6765
19.3600 -12.8759 0.6767
19.3800 -12.8893 0.6802
19.4000 -12.9026 0.6823
19.4200 -12.9160 0.6848
19.4400 -12.9293 0.6834
19.4600 -12.9426 0.6833
19.4800 -12.9559 0.6843
19.5000 -12.9693 0.6871
19.5200 -12.9826 0.6863
19.5400 -12.9959 0.6868
19.5600 -13.0092 0.6857
19.5800 -13.0225 0.6859
19.6000 -13.0359 0.6868
19.6200 -13.0492 0.6858
19.6400 -13.0626 0.6844
19.6600 -13.0759 0.6865
19.6800 -13.0893 0.6866
19.7000 -13.1026 0.6862
19.7200 -13.1159 0.6870
19.7400 -13.1293 0.6851
19.7600 -13.1426 0.6855
19.7800 -13.1560 0.6871
19.8000 -13.1693 0.6863
19.8200 -13.1826 0.6846
19.8400 -13.1959 0.6868
19.8600 -13.2093 0.6890
19.8800 -13.2226 0.6854
19.9000 -13.2359 0.6870
19.9200 -13.2492 0.6865
19.9400 -13.2625 0.6865
19.9600 -13.2759 0.6888
19.9800 -13.2892 0.6856
20.0000 -13.3025 0.6843
20.0200 -13.3159 0.6839
20.0400 -13.3293 0.6837
20.0600 -13.3427 0.6839
20.0800 -13.3560 0.6854
20.1000 -13.3693 0.6835
20.1200 -13.3826 0.6856
20.1400 -13.3960 0.6884
20.1600 -13.4093 0.6877
20.1800 -13.4226 0.6868
20.2000 -13.4359 0.6890
20.2200 -13.4493 0.6876
20.2400 -13.4626 0.6891
20.2600 -13.4759 0.6885
20.2800 -13.4892 0.6904
20.3000 -13.5026 0.6909
20.3200 -13.5159 0.6912
20.3400 -13.5292 0.6934
20.3600 -13.5425 0.6928
20.3800 -13.5559 0.6949
20.4000 -13.5692 0.6957
20.4200 -13.5826 0.6958
20.4400 -13.5959 0.6975
20.4600 -13.6092 0.6996
20.4800 -13.6226 0.7010
20.5000 -13.6360 0.7049
20.5200 -13.6493 0.7052
20.5400 -13.6626 0.7047
20.5600 -13.6759 0.7070
20.5800 -13.6893 0.7092
20.6000 -13.7026 0.7097
20.6200 -13.7159 0.7091
20.6400 -13.7292 0.7114
20.6600 -13.7425 0.7119
20.6800 -13.7559 0.7130
20.7000 -13.7692 0.7132
20.7200 -13.7825 0.7145
20.7400 -13.7959 0.7177
20.7600 -13.8093 0.7184
20.7800 -13.8226 0.7175
20.8000 -13.8359 0.7185
20.8200 -13.8492 0.7162
20.8400 -13.8626 0.7194
20.8600 -13.8760 0.7201
20.8800 -13.8893 0.7227
20.9000 -13.9026 0.7204
20.9200 -13.9159 0.7229
20.9400 -13.9293 0.7253
20.9600 -13.9426 0.7280
20.9800 -13.9559 0.7265
21.0000 -13.9692 0.7264
21.0200 -13.9825 0.7244
21.0400 -13.9959 0.7279
21.0600 -14.0092 0.7273
21.0800 -14.0225 0.7272
21.1000 -14.0359 0.7287
21.1200 -14.0493 0.7294
21.1400 -14.0626 0.7284
21.1600 -14.0760 0.7308
21.1800 -14.0893 0.7320
21.2000 -14.1026 0.7313
21.2200 -14.1160 0.7331
21.2400 -14.1293 0.7333
21.2600 -14.1426 0.7351
21.2800 -14.1559 0.7358
21.3000 -14.1692 0.7381
21.3200 -14.1825 0.7384
21.3400 -14.1958 0.7390
21.3600 -14.2091 0.7375
21.3800 -14.2225 0.7371
21.4000 -14.2359 0.7367
21.4200 -14.2492 0.7397
21.4400 -14.2626 0.7395
21.4600 -14.2759 0.7397
21.4800 -14.2893 0.7418
21.5000 -14.3027 0.7398
21.5200 -14.3160 0.7409
21.5400 -14.3292 0.7433
21.5600 -14.3426 0.7428
21.5800 -14.3560 0.7440
21.6000 -14.3693 0.7417
21.6200 -14.3826 0.7417
21.6400 -14.3959 0.7419
21.6600 -14.4093 0.7478
21.6800 -14.4226 0.7443
21.7000 -14.4359 0.7471
21.7200 -14.4492 0.7450
21.7400 -14.4625 0.7476
21.7600 -14.4759 0.7466
21.7800 -14.4892 0.7478
21.8000 -14.5025 0.7443
21.8200 -14.5159 0.7442
21.8400 -14.5293 0.7442
21.8600 -14.5426 0.7464
21.8800 -14.5559 0.7460
21.9000 -14.5692 0.7502
21.9200 -14.5826 0.7485
21.9400 -14.5959 0.7476
21.9600 -14.6093 0.7498
21.9800 -14.6226 0.7478
22.0000 -14.6359 0.7474
22.0200 -14.6492 0.7488
22.0400 -14.6626 0.7478
22.0600 -14.6759 0.7498
22.0800 -14.6892 0.7520
22.1000 -14.7025 0.7493
22.1200 -14.7159 0.7516
22.1400 -14.7293 0.7517
22.1600 -14.7426 0.7519
22.1800 -14.7559 0.7529
22.2000 -14.7693 0.7538
22.2200 -14.7826 0.7546
22.2400 -14.7960 0.7530
22.2600 -14.8093 0.7525
22.2800 -14.8226 0.7515
22.3000 -14.8360 0.7528
22.3200 -14.8493 0.7559
22.3400 -14.8626 0.7561
22.3600 -14.8759 0.7568
22.3800 -14.8892 0.7579
22.4000 -14.9026 0.7572
22.4200 -14.9159 0.7564
22.4400 -14.9292 0.7580
22.4600 -14.9425 0.7576
22.4800 -14.9559 0.7585
22.5000 -14.9693 0.7604
22.5200 -14.9826 0.7595
22.5400 -14.9959 0.7617
22.5600 -15.0093 0.7626
22.5800 -15.0227 0.7637
22.6000 -15.0360 0.7654
22.6200 -15.0493 0.7656
22.6400 -15.0626 0.7654
22.6600 -15.0760 0.7671
22.6800 -15.0893 0.7673
22.7000 -15.1026 0.7685
22.7200 -15.1159 0.7674
22.7400 -15.1292 0.7684
22.7600 -15.1426 0.7677
22.7800 -15.1558 0.7705
22.8000 -15.1691 0.7716
22.8200 -15.1825 0.7721
22.8400 -15.1959 0.7695
22.8600 -15.2092 0.7723
22.8800 -15.2226 0.7711
22.9000 -15.2359 0.7728
22.9200 -15.2493 0.7743
22.9400 -15.2626 0.7743
22.9600 -15.2760 0.7758
22.9800 -15.2893 0.7749
23.0000 -15.3026 0.7764
23.0200 -15.3160 0.7782
23.0400 -15.3293 0.7822
23.0600 -15.3426 0.7793
23.0800 -15.3559 0.7809
23.1000 -15.3692 0.7812
23.1200 -15.3826 0.7806
23.1400 -15.3959 0.7799
23.1600 -15.4092 0.7826
23.1800 -15.4225 0.7816
23.2000 -15.4359 0.7852
23.2200 -15.4492 0.7847
23.2400 -15.4625 0.7865
23.2600 -15.4759 0.7843
23.2800 -15.4893 0.7876
23.3000 -15.5027 0.7860
23.3200 -15.5160 0.7889
23.3400 -15.5293 0.7911
23.3600 -15.5426 0.7909
23.3800 -15.5560 0.7878
23.4000 -15.5693 0.7923
23.4200 -15.5826 0.7917
23.4400 -15.5959 0.7936
23.4600 -15.6092 0.7940
23.4800 -15.6226 0.7972
23.5000 -15.6359 0.7951
23.5200 -15.6492 0.7971
23.5400 -15.6625 0.7976
23.5600 -15.6759 0.7974
23.5800 -15.6893 0.8006
23.6000 -15.7026 0.7986
23.6200 -15.7159 0.8001
23.6400 -15.7293 0.8021
23.6600 -15.7426 0.8029
23.6800 -15.7560 0.8045
23.7000 -15.7692 0.8058
23.7200 -15.7825 0.8047
23.7400 -15.7959 0.8068
23.7600 -15.8093 0.8080
23.7800 -15.8226 0.8095
23.8000 -15.8359 0.8095
23.8200 -15.8493 0.8132
23.8400 -15.8626 0.8133
23.8600 -15.8759 0.8137
23.8800 -15.8892 0.8138
23.9000 -15.9025 0.8159
23.9200 -15.9159 0.8168
23.9400 -15.9293 0.8216
23.9600 -15.9426 0.8210
23.9800 -15.9559 0.8225
24.0000 -15.9693 0.8257
24.0200 -15.9827 0.8238
24.0400 -15.9960 0.8229
24.0600 -16.0093 0.8263
24.0800 -16.0226 0.8278
24.1000 -16.0360 0.8273
24.1200 -16.0493 0.8303
24.1400 -16.0626 0.8314
24.1600 -16.0759 0.8300
24.1800 -16.0892 0.8330
24.2000 -16.1026 0.8327
24.2200 -16.1159 0.8345
24.2400 -16.1292 0.8349
24.2600 -16.1425 0.8343
24.2800 -16.1559 0.8347
24.3000 -16.1692 0.8376
24.3200 -16.1826 0.8384
24.3400 -16.1959 0.8386
24.3600 -16.2092 0.8397
24.3800 -16.2226 0.8406
24.4000 -16.2360 0.8398
24.4200 -16.2493 0.8415
24.4400 -16.2626 0.8411
24.4600 -16.2759 0.8414
24.4800 -16.2893 0.8447
24.5000 -16.3026 0.8423
24.5200 -16.3159 0.8425
24.5400 -16.3293 0.8436
24.5600 -16.3426 0.8448
24.5800 -16.3559 0.8443
24.6000 -16.3692 0.8456
24.6200 -16.3825 0.8458
24.6400 -16.3959 0.8465
24.6600 -16.4092 0.8499
24.6800 -16.4226 0.8476
24.7000 -16.4359 0.8478
24.7200 -16.4492 0.8503
24.7400 -16.4626 0.8501
24.7600 -16.4760 0.8494
24.7800 -16.4893 0.8518
24.8000 -16.5026 0.8518
24.8200 -16.5159 0.8518
24.8400 -16.5293 0.8513
24.8600 -16.5426 0.8526
24.8800 -16.5560 0.8511
24.9000 -16.5693 0.8548
24.9200 -16.5826 0.8546
24.9400 -16.5960 0.8548
24.9600 -16.6092 0.8577
24.9800 -16.6225 0.8604
25.0000 -16.6359 0.8602
25.0200 -16.6493 0.8651
25.0400 -16.6626 0.8634
25.0600 -16.6759 0.8617
25.0800 -16.6893 0.8631
25.1000 -16.7026 0.8617
25.1200 -16.7160 0.8632
25.1400 -16.7293 0.8639
25.1600 -16.7426 0.8647
25.1800 -16.7559 0.8625
25.2000 -16.7693 0.8669
25.2200 -16.7826 0.8664
25.2400 -16.7959 0.8662
25.2600 -16.8092 0.8686
25.2800 -16.8226 0.8685
25.3000 -16.8359 0.8680
25.3200 -16.8492 0.8699
25.3400 -16.8625 0.8707
25.3600 -16.8759 0.8704
25.3800 -16.8893 0.8709
25.4000 -16.9026 0.8729
25.4200 -16.9159 0.8701
25.4400 -16.9292 0.8744
25.4600 -16.9426 0.8742
25.4800 -16.9560 0.8758
25.5000 -16.9693 0.8750
25.5200 -16.9826 0.8776
25.5400 -16.9959 0.8763
25.5600 -17.0092 0.8787
25.5800 -17.0225 0.8782
25.6000 -17.0358 0.8801
25.6200 -17.0492 0.8790
25.6400 -17.0625 0.8822
25.6600 -17.0759 0.8821
25.6800 -17.0892 0.8827
25.7000 -17.1025 0.8827
25.7200 -17.1159 0.8823
25.7400 -17.1293 0.8828
25.7600 -17.1426 0.8866
25.7800 -17.1559 0.8870
25.8000 -17.1692 0.8884
25.8200 -17.1826 0.8898
25.8400 -17.1960 0.8886
25.8600 -17.2093 0.8908
25.8800 -17.2226 0.8906
25.9000 -17.2359 0.8902
25.9200 -17.2493 0.8915
25.9400 -17.2626 0.8931
25.9600 -17.2759 0.8917
25.9800 -17.2893 0.8949
26.0000 -17.3026 0.8973
26.0200 -17.3160 0.8964
26.0400 -17.3293 0.8951
26.0600 -17.3425 0.8971
26.0800 -17.3559 0.8950
26.1000 -17.3692 0.8977
26.1200 -17.3826 0.8982
26.1400 -17.3959 0.9009
26.1600 -17.4092 0.9017
26.1800 -17.4226 0.9021
26.2000 -17.4360 0.9017
26.2200 -17.4493 0.9034
26.2400 -17.4626 0.9056
26.2600 -17.4760 0.9040
26.2800 -17.4893 0.9082
26.3000 -17.5027 0.9104
26.3200 -17.5160 0.9088
26.3400 -17.5293 0.9117
26.3600 -17.5426 0.9112
26.3800 -17.5559 0.9107
26.4000 -17.5692 0.9134
26.4200 -17.5826 0.9151
26.4400 -17.5959 0.9153
26.4600 -17.6093 0.9166
26.4800 -17.6226 0.9188
26.5000 -17.6359 0.9172
26.5200 -17.6493 0.9193
26.5400 -17.6626 0.9197
26.5600 -17.6760 0.9189
26.5800 -17.6893 0.9217
26.6000 -17.7026 0.9245
26.6200 -17.7159 0.9228
26.6400 -17.7293 0.9265
26.6600 -17.7426 0.9267
26.6800 -17.7559 0.9237
26.7000 -17.7692 0.9266
26.7200 -17.7826 0.9298
26.7400 -17.7959 0.9300
26.7600 -17.8092 0.9312
26.7800 -17.8225 0.9310
26.8000 -17.8359 0.9302
26.8200 -17.8492 0.9334
26.8400 -17.8626 0.9351
26.8600 -17.8759 0.9322
26.8800 -17.8892 0.9331
26.9000 -17.9026 0.9340
26.9200 -17.9159 0.9349
26.9400 -17.9293 0.9368
26.9600 -17.9426 0.9384
26.9800 -17.9559 0.9378
27.0000 -17.9693 0.9384
27.0200 -17.9826 0.9419
27.0400 -17.9959 0.9410
27.0600 -18.0093 0.9430
27.0800 -18.0226 0.9445
27.1000 -18.0359 0.9460
27.1200 -18.0492 0.9445
27.1400 -18.0625 0.9473
27.1600 -18.0758 0.9445
27.1800 -18.0892 0.9484
27.2000 -18.1026 0.9468
27.2200 -18.1159 0.9467
27.2400 -18.1292 0.9487
27.2600 -18.1426 0.9510
27.2800 -18.1560 0.9476
27.3000 -18.1693 0.9487
27.3200 -18.1826 0.9508
27.3400 -18.1960 0.9497
27.3600 -18.2093 0.9500
27.3800 -18.2227 0.9524
27.4000 -18.2360 0.9510
27.4200 -18.2493 0.9526
27.4400 -18.2626 0.9557
27.4600 -18.2759 0.9537
27.4800 -18.2893 0.9577
27.5000 -18.3025 0.9566
27.5200 -18.3159 0.9581
27.5400 -18.3292 0.9589
27.5600 -18.3426 0.9612
27.5800 -18.3559 0.9594
27.6000 -18.3692 0.9602
27.6200 -18.3826 0.9624
27.6400 -18.3959 0.9628
27.6600 -18.4093 0.9645
27.6800 -18.4226 0.9659
27.7000 -18.4359 0.9652
27.7200 -18.4493 0.9649
27.7400 -18.4626 0.9671
27.7600 -18.4760 0.9670
27.7800 -18.4893 0.9669
27.8000 -18.5026 0.9726
27.8200 -18.5160 0.9710
27.8400 -18.5293 0.9740
27.8600 -18.5425 0.9743
27.8800 -18.5558 0.9753
27.9000 -18.5692 0.9749
27.9200 -18.5826 0.9800
27.9400 -18.5959 0.9764
27.9600 -18.6092 0.9791
27.9800 -18.6226 0.9803
28.0000 -18.6359 0.9791
28.0200 -18.6493 0.9804
28.0400 -18.6626 0.9842
28.0600 -18.6759 0.9833
28.0800 -18.6893 0.9826
28.1000 -18.7026 0.9863
28.1200 -18.7160 0.9861
28.1400 -18.7293 0.9887
28.1600 -18.7426 0.9888
28.1800 -18.7560 0.9865
28.2000 -18.7693 0.9865
28.2200 -18.7825 0.9903
28.2400 -18.7958 0.9877
28.2600 -18.8092 0.9901
28.2800 -18.8226 0.9924
28.3000 -18.8359 0.9931
28.3200 -18.8492 0.9922
28.3400 -18.8626 0.9956
28.3600 -18.8759 0.9933
28.3800 -18.8893 0.9949
28.4000 -18.9026 0.9962
28.4200 -18.9159 0.9965
28.4400 -18.9293 0.9973
28.4600 -18.9427 1.0007
28.4800 -18.9560 0.9998
28.5000 -18.9692 1.0012
28.5200 -18.9825 1.0029
28.5400 -18.9959 1.0026
28.5600 -19.0092 1.0066
28.5800 -19.0225 1.0090
28.6000 -19.0358 1.0147
28.6200 -19.0492 1.0173
28.6400 -19.0626 1.0200
28.6600 -19.0759 1.0192
28.6800 -19.0892 1.0199
28.7000 -19.1026 1.0201
28.7200 -19.1160 1.0195
28.7400 -19.1293 1.0183
28.7600 -19.1426 1.0217
28.7800 -19.1559 1.0195
28.8000 -19.1693 1.0218
28.8200 -19.1827 1.0234
28.8400 -19.1960 1.0232
28.8600 -19.2093 1.0235
28.8800 -19.2226 1.0251
28.9000 -19.2360 1.0232
28.9200 -19.2493 1.0217
28.9400 -19.2626 1.0244
28.9600 -19.2759 1.0267
28.9800 -19.2892 1.0249
29.0000 -19.3026 1.0312
29.0200 -19.3159 1.0292
29.0400 -19.3292 1.0289
29.0600 -19.3425 1.0296
29.0800 -19.3559 1.0298
29.1000 -19.3693 1.0303
29.1200 -19.3826 1.0314
29.1400 -19.3959 1.0325
29.1600 -19.4093 1.0318
29.1800 -19.4226 1.0363
29.2000 -19.4360 1.0362
29.2200 -19.4493 1.0344
29.2400 -19.4626 1.0368
29.2600 -19.4759 1.0374
29.2800 -19.4893 1.0359
29.3000 -19.5025 1.0409
29.3200 -19.5158 1.0396
29.3400 -19.5292 1.0421
29.3600 -19.5426 1.0422
29.3800 -19.5559 1.0435
29.4000 -19.5692 1.0424
29.4200 -19.5826 1.0449
29.4400 -19.5959 1.0436
29.4600 -19.6093 1.0442
29.4800 -19.6226 1.0394
29.5000 -19.6359 1.0023
29.5200 -19.6493 0.9424
29.5400 -19.6626 0.8781
29.5600 -19.6759 0.8142
29.5800 -19.6892 0.7564
29.6000 -19.7026 0.7002
29.6200 -19.7159 0.6428
29.6400 -19.7292 0.5871
29.6600 -19.7425 0.5337
29.6800 -19.7558 0.4792
29.7000 -19.7692 0.4220
29.7200 -19.7826 0.3646
29.7400 -19.7959 0.3011
29.7600 -19.8092 0.2415
29.7800 -19.8226 0.1871
29.8000 -19.8359 0.1344
29.8200 -19.8493 0.0775
29.8400 -19.8626 0.0290
29.8600 -19.8759 -0.0258
29.8800 -19.8893 -0.0571
29.9000 -19.9026 -0.0565
29.9200 -19.9160 -0.0430
29.9400 -19.9293 -0.0306
29.9600 -19.9426 -0.0149
29.9800 -19.9559 -0.0245
30.0000 -19.9692 -0.0461
30.0200 -19.9825 -0.0889
30.0400 -19.9958 -0.1502
30.0600 -20.0092 -0.2059
30.0800 -20.0225 -0.2425
30.1000 -20.0359 -0.2842
30.1200 -20.0492 -0.3304
30.1400 -20.0626 -0.3770
30.1600 -20.0760 -0.4269
30.1800 -20.0893 -0.4724
30.2000 -20.1026 -0.5228
30.2200 -20.1160 -0.5832
30.2400 -20.1293 -0.6474
30.2600 -20.1426 -0.7090
30.2800 -20.1560 -0.7512
30.3000 -20.1693 -0.7636
30.3200 -20.1826 -0.7651
30.3400 -20.1959 -0.7642
30.3600 -20.2092 -0.7629
30.3800 -20.2225 -0.7614
30.4000 -20.2358 -0.7599
30.4200 -20.2492 -0.7574
30.4400 -20.2625 -0.7567
30.4600 -20.2759 -0.7549
30.4800 -20.2892 -0.7562
30.5000 -20.3026 -0.7534
30.5200 -20.3160 -0.7515
30.5400 -20.3293 -0.7496
30.5600 -20.3427 -0.7470
30.5800 -20.3559 -0.7465
30.6000 -20.3693 -0.7473
30.6200 -20.3826 -0.7438
30.6400 -20.3960 -0.7420
30.6600 -20.4093 -0.7400
30.6800 -20.4226 -0.7363
30.7000 -20.4359 -0.7371
30.7200 -20.4492 -0.7356
30.7400 -20.4625 -0.7352
30.7600 -20.4758 -0.7333
30.7800 -20.4892 -0.7353
30.8000 -20.5026 -0.7314
30.8200 -20.5159 -0.7321
30.8400 -20.5292 -0.7299
30.8600 -20.5426 -0.7275
30.8800 -20.5559 -0.7247
30.9000 -20.5693 -0.7251
30.9200 -20.5826 -0.7229
30.9400 -20.5959 -0.7222
30.9600 -20.6092 -0.7185
30.9800 -20.6226 -0.7160
31.0000 -20.6359 -0.7146
31.0200 -20.6492 -0.7154
31.0400 -20.6626 -0.7126
31.0600 -20.6759 -0.7125
31.0800 -20.6893 -0.7144
31.1000 -20.7026 -0.7099
31.1200 -20.7159 -0.7085
31.1400 -20.7292 -0.7070
31.1600 -20.7426 -0.7033
31.1800 -20.7559 -0.7020
31.2000 -20.7692 -0.7026
31.2200 -20.7826 -0.6999
31.2400 -20.7959 -0.7005
31.2600 -20.8093 -0.7002
31.2800 -20.8226 -0.6995
31.3000 -20.8360 -0.6989
31.3200 -20.8493 -0.6982
31.3400 -20.8627 -0.6947
31.3600 -20.8760 -0.6925
31.3800 -20.8893 -0.6916
31.4000 -20.9026 -0.6890
31.4200 -20.9159 -0.6874
31.4400 -20.9292 -0.6889
31.4600 -20.9425 -0.6861
31.4800 -20.9558 -0.6859
31.5000 -20.9692 -0.6826
31.5200 -20.9826 -0.6824
31.5400 -20.9959 -0.6808
31.5600 -21.0092 -0.6800
31.5800 -21.0225 -0.6773
31.6000 -21.0359 -0.6773
31.6200 -21.0493 -0.6760
31.6400 -21.0626 -0.6721
31.6600 -21.0759 -0.6702
31.6800 -21.0893 -0.6684
31.7000 -21.1027 -0.6644
31.7200 -21.1160 -0.6639
31.7400 -21.1293 -0.6631
31.7600 -21.1426 -0.6612
31.7800 -21.1559 -0.6579
31.8000 -21.1693 -0.6556
31.8200 -21.1826 -0.6530
31.8400 -21.1959 -0.6517
31.8600 -21.2092 -0.6533
31.8800 -21.2226 -0.6508
31.9000 -21.2359 -0.6477
31.9200 -21.2492 -0.6487
31.9400 -21.2625 -0.6468
31.9600 -21.2759 -0.6426
31.9800 -21.2893 -0.6438
32.0000 -21.3026 -0.6385
32.0200 -21.3159 -0.6387
32.0400 -21.3292 -0.6368
32.0600 -21.3426 -0.6364
32.0800 -21.3560 -0.6328
32.1000 -21.3693 -0.6350
32.1200 -21.3826 -0.6327
32.1400 -21.3959 -0.6319
32.1600 -21.4093 -0.6291
32.1800 -21.4226 -0.6267
32.2000 -21.4359 -0.6240
32.2200 -21.4492 -0.6246
32.2400 -21.4626 -0.6213
32.2600 -21.4759 -0.6200
32.2800 -21.4892 -0.6220
32.3000 -21.5026 -0.6195
32.3200 -21.5159 -0.6184
32.3400 -21.5293 -0.6180
32.3600 -21.5426 -0.6162
32.3800 -21.5559 -0.6151
32.4000 -21.5692 -0.6170
32.4200 -21.5826 -0.6117
32.4400 -21.5959 -0.6104
32.4600 -21.6092 -0.6108
32.4800 -21.6226 -0.6095
32.5000 -21.6359 -0.6064
32.5200 -21.6493 -0.6061
32.5400 -21.6626 -0.6027
32.5600 -21.6758 -0.6023
32.5800 -21.6892 -0.6023
32.6000 -21.7026 -0.6007
32.6200 -21.7159 -0.5980
32.6400 -21.7293 -0.5977
32.6600 -21.7426 -0.5964
32.6800 -21.7559 -0.5938
32.7000 -21.7693 -0.5933
32.7200 -21.7826 -0.5919
32.7400 -21.7959 -0.5907
32.7600 -21.8092 -0.5893
32.7800 -21.8226 -0.5863
32.8000 -21.8359 -0.5863
32.8200 -21.8493 -0.5870
32.8400 -21.8626 -0.5847
32.8600 -21.8759 -0.5833
32.8800 -21.8892 -0.5821
32.9000 -21.9025 -0.5818
32.9200 -21.9159 -0.5801
32.9400 -21.9292 -0.5787
32.9600 -21.9426 -0.5778
32.9800 -21.9559 -0.5765
33.0000 -21.9693 -0.5749
33.0200 -21.9826 -0.5755
33.0400 -21.9959 -0.5706
33.0600 -22.0093 -0.5722
33.0800 -22.0226 -0.5687
33.1000 -22.0359 -0.5705
33.1200 -22.0492 -0.5693
33.1400 -22.0626 -0.5693
33.1600 -22.0759 -0.5639
33.1800 -22.0893 -0.5634
33.2000 -22.1026 -0.5611
33.2200 -22.1159 -0.5615
33.2400 -22.1293 -0.5607
33.2600 -22.1426 -0.5577
33.2800 -22.1559 -0.5566
33.3000 -22.1692 -0.5589
33.3200 -22.1825 -0.5560
33.3400 -22.1959 -0.5551
33.3600 -22.2092 -0.5543
33.3800 -22.2225 -0.5499
33.4000 -22.2359 -0.5499
33.4200 -22.2493 -0.5491
33.4400 -22.2626 -0.5503
33.4600 -22.2759 -0.5464
33.4800 -22.2893 -0.5470
33.5000 -22.3026 -0.5436
33.5200 -22.3160 -0.5416
33.5400 -22.3293 -0.5444
33.5600 -22.3426 -0.5413
33.5800 -22.3559 -0.5389
33.6000 -22.3692 -0.5419
33.6200 -22.3826 -0.5369
33.6400 -22.3959 -0.5359
33.6600 -22.4092 -0.5358
33.6800 -22.4226 -0.5360
33.7000 -22.4359 -0.5332
33.7200 -22.4493 -0.5324
33.7400 -22.4626 -0.5295
33.7600 -22.4759 -0.5272
33.7800 -22.4893 -0.5282
33.8000 -22.5027 -0.5294
33.8200 -22.5160 -0.5272
33.8400 -22.5292 -0.5256
33.8600 -22.5426 -0.5231
33.8800 -22.5560 -0.5219
33.9000 -22.5693 -0.5217
33.9200 -22.5826 -0.5216
33.9400 -22.5959 -0.5165
33.9600 -22.6092 -0.5179
33.9800 -22.6226 -0.5156
34.0000 -22.6358 -0.5136
34.0200 -22.6492 -0.5146
34.0400 -22.6625 -0.5145
34.0600 -22.6759 -0.5107
34.0800 -22.6893 -0.5104
34.1000 -22.7026 -0.5104
34.1200 -22.7159 -0.5082
34.1400 -22.7293 -0.5087
34.1600 -22.7426 -0.5060
34.1800 -22.7559 -0.5058
34.2000 -22.7693 -0.5061
34.2200 -22.7826 -0.5053
34.2400 -22.7960 -0.5017
34.2600 -22.8093 -0.5010
34.2800 -22.8226 -0.5000
34.3000 -22.8359 -0.4980
34.3200 -22.8493 -0.4957
34.3400 -22.8626 -0.4946
34.3600 -22.8759 -0.4950
34.3800 -22.8892 -0.4953
34.4000 -22.9025 -0.4937
34.4200 -22.9159 -0.4901
34.4400 -22.9292 -0.4890
34.4600 -22.9426 -0.4895
34.4800 -22.9559 -0.4886
34.5000 -22.9693 -0.4891
34.5200 -22.9827 -0.4874
34.5400 -22.9960 -0.4856
34.5600 -23.0093 -0.4840
34.5800 -23.0226 -0.4824
34.6000 -23.0360 -0.4822
34.6200 -23.0493 -0.4796
34.6400 -23.0626 -0.4794
34.6600 -23.0759 -0.4763
34.6800 -23.0893 -0.4782
34.7000 -23.1026 -0.4759
34.7200 -23.1159 -0.4755
34.7400 -23.1292 -0.4707
34.7600 -23.1425 -0.4714
34.7800 -23.1559 -0.4674
34.8000 -23.1692 -0.4686
34.8200 -23.1825 -0.4665
34.8400 -23.1959 -0.4665
34.8600 -23.2092 -0.4645
34.8800 -23.2226 -0.4645
34.9000 -23.2359 -0.4628
34.9200 -23.2492 -0.4627
34.9400 -23.2626 -0.4580
34.9600 -23.2760 -0.4558
34.9800 -23.2893 -0.4530
35.0000 -23.3026 -0.4478
35.0200 -23.3159 -0.4412
35.0400 -23.3293 -0.4354
35.0600 -23.3426 -0.4341
35.0800 -23.3559 -0.4297
35.1000 -23.3692 -0.4328
35.1200 -23.3825 -0.4270
35.1400 -23.3959 -0.4299
35.1600 -23.4092 -0.4250
35.1800 -23.4225 -0.4307
35.2000 -23.4359 -0.4249
35.2200 -23.4492 -0.4290
35.2400 -23.4626 -0.4233
35.2600 -23.4759 -0.4274
35.2800 -23.4892 -0.4234
35.3000 -23.5026 -0.4265
35.3200 -23.5160 -0.4226
35.3400 -23.5293 -0.4258
35.3600 -23.5426 -0.4215
35.3800 -23.5559 -0.4232
35.4000 -23.5693 -0.4214
35.4200 -23.5826 -0.4206
35.4400 -23.5959 -0.4196
35.4600 -23.6092 -0.4209
35.4800 -23.6225 -0.4191
35.5000 -23.6359 -0.4174
35.5200 -23.6492 -0.4176
35.5400 -23.6625 -0.4167
35.5600 -23.6759 -0.4153
35.5800 -23.6893 -0.4145
35.6000 -23.7026 -0.4142
35.6200 -23.7160 -0.4120
35.6400 -23.7293 -0.4104
35.6600 -23.7426 -0.4123
35.6800 -23.7560 -0.4067
35.7000 -23.7693 -0.4082
35.7200 -23.7826 -0.4052
35.7400 -23.7959 -0.4051
35.7600 -23.8092 -0.4004
35.7800 -23.8225 -0.4036
35.8000 -23.8358 -0.3992
35.8200 -23.8491 -0.4007
35.8400 -23.8625 -0.3991
35.8600 -23.8759 -0.3977
35.8800 -23.8892 -0.3979
35.9000 -23.9026 -0.3975
35.9200 -23.9159 -0.3957
35.9400 -23.9293 -0.3950
35.9600 -23.9427 -0.3948
35.9800 -23.9560 -0.3918
36.0000 -23.9693 -0.3944
36.0200 -23.9826 -0.3926
36.0400 -23.9960 -0.3922
36.0600 -24.0093 -0.3880
36.0800 -24.0226 -0.3927
36.1000 -24.0359 -0.3872
36.1200 -24.0493 -0.3893
36.1400 -24.0626 -0.3847
36.1600 -24.0759 -0.3844
36.1800 -24.0892 -0.3813
36.2000 -24.1025 -0.3846
36.2200 -24.1159 -0.3809
36.2400 -24.1292 -0.3819
36.2600 -24.1425 -0.3822
36.2800 -24.1559 -0.3766
36.3000 -24.1692 -0.3808
36.3200 -24.1826 -0.3772
36.3400 -24.1960 -0.3794
36.3600 -24.2093 -0.3741
36.3800 -24.2226 -0.3776
36.4000 -24.2359 -0.3734
36.4200 -24.2493 -0.3756
36.4400 -24.2626 -0.3702
36.4600 -24.2759 -0.3705
36.4800 -24.2892 -0.3683
36.5000 -24.3026 -0.3682
36.5200 -24.3159 -0.3702
36.5400 -24.3292 -0.3658
36.5600 -24.3425 -0.3677
36.5800 -24.3559 -0.3639
36.6000 -24.3692 -0.3656
36.6200 -24.3826 -0.3621
36.6400 -24.3959 -0.3633
36.6600 -24.4093 -0.3572
36.6800 -24.4226 -0.3623
36.7000 -24.4360 -0.3568
36.7200 -24.4493 -0.3608
36.7400 -24.4626 -0.3571
36.7600 -24.4759 -0.3564
36.7800 -24.4893 -0.3543
36.8000 -24.5026 -0.3562
36.8200 -24.5159 -0.3537
36.8400 -24.5292 -0.3522
36.8600 -24.5426 -0.3520
36.8800 -24.5559 -0.3522
36.9000 -24.5692 -0.3503
36.9200 -24.5825 -0.3494
36.9400 -24.5959 -0.3487
36.9600 -24.6093 -0.3461
36.9800 -24.6226 -0.3481
37.0000 -24.6359 -0.3456
37.0200 -24.6493 -0.3452
37.0400 -24.6626 -0.3454
37.0600 -24.6760 -0.3438
37.0800 -24.6893 -0.3454
37.1000 -24.7026 -0.3406
37.1200 -24.7160 -0.3428
37.1400 -24.7294 -0.3377
37.1600 -24.7427 -0.3412
37.1800 -24.7560 -0.3377
37.2000 -24.7693 -0.3384
37.2200 -24.7826 -0.3371
37.2400 -24.7959 -0.3374
37.2600 -24.8092 -0.3359
37.2800 -24.8225 -0.3362
37.3000 -24.8359 -0.3340
37.3200 -24.8492 -0.3322
37.3400 -24.8625 -0.3336
37.3600 -24.8759 -0.3303
37.3800 -24.8892 -0.3317
37.4000 -24.9026 -0.3295
37.4200 -24.9160 -0.3291
37.4400 -24.9293 -0.3250
37.4600 -24.9426 -0.3260
37.4800 -24.9560 -0.3239
37.5000 -24.9693 -0.3231
37.5200 -24.9826 -0.3213
37.5400 -24.9959 -0.3219
37.5600 -25.0093 -0.3182
37.5800 -25.0226 -0.3175
37.6000 -25.0359 -0.3175
37.6200 -25.0492 -0.3158
37.6400 -25.0625 -0.3139
37.6600 -25.0758 -0.3139
37.6800 -25.0892 -0.3135
37.7000 -25.1026 -0.3134
37.7200 -25.1159 -0.3132
37.7400 -25.1293 -0.3109
37.7600 -25.1427 -0.3092
37.7800 -25.1560 -0.3092
37.8000 -25.1693 -0.3069
37.8200 -25.1826 -0.3092
37.8400 -25.1960 -0.3066
37.8600 -25.2093 -0.3056
37.8800 -25.2226 -0.3048
37.9000 -25.2359 -0.3047
37.9200 -25.2492 -0.3031
37.9400 -25.2626 -0.3017
37.9600 -25.2759 -0.3019
37.9800 -25.2892 -0.2985
38.0000 -25.3025 -0.2979
38.0200 -25.3159 -0.2975
38.0400 -25.3293 -0.2971
38.0600 -25.3426 -0.2954
38.0800 -25.3559 -0.2979
38.1000 -25.3693 -0.2942
38.1200 -25.3826 -0.2948
38.1400 -25.3960 -0.2935
38.1600 -25.4093 -0.2945
38.1800 -25.4225 -0.2927
38.2000 -25.4359 -0.2904
38.2200 -25.4493 -0.2901
38.2400 -25.4626 -0.2888
38.2600 -25.4759 -0.2894
38.2800 -25.4892 -0.2893
38.3000 -25.5026 -0.2907
38.3200 -25.5159 -0.2886
38.3400 -25.5292 -0.2873
38.3600 -25.5425 -0.2857
38.3800 -25.5559 -0.2858
38.4000 -25.5692 -0.2812
38.4200 -25.5826 -0.2828
38.4400 -25.5959 -0.2807
38.4600 -25.6092 -0.2835
38.4800 -25.6226 -0.2804
38.5000 -25.6360 -0.2816
38.5200 -25.6493 -0.2791
38.5400 -25.6626 -0.2800
38.5600 -25.6760 -0.2782
38.5800 -25.6893 -0.2744
38.6000 -25.7026 -0.2742
38.6200 -25.7159 -0.2734
38.6400 -25.7292 -0.2741
38.6600 -25.7426 -0.2722
38.6800 -25.7559 -0.2712
38.7000 -25.7692 -0.2672
38.7200 -25.7825 -0.2688
38.7400 -25.7959 -0.2678
38.7600 -25.8092 -0.2677
38.7800 -25.8226 -0.2661
38.8000 -25.8359 -0.2661
38.8200 -25.8492 -0.2628
38.8400 -25.8626 -0.2627
38.8600 -25.8760 -0.2597
38.8800 -25.8893 -0.2603
38.9000 -25.9026 -0.2607
38.9200 -25.9159 -0.2596
38.9400 -25.9293 -0.2575
38.9600 -25.9426 -0.2566
38.9800 -25.9559 -0.2549
39.0000 -25.9693 -0.2545
39.0200 -25.9826 -0.2533
39.0400 -25.9960 -0.2537
39.0600 -26.0092 -0.2539
39.0800 -26.0225 -0.2520
39.1000 -26.0359 -0.2530
39.1200 -26.0492 -0.2527
39.1400 -26.0626 -0.2519
39.1600 -26.0759 -0.2514
39.1800 -26.0892 -0.2463
39.2000 -26.1026 -0.2476
39.2200 -26.1159 -0.2450
39.2400 -26.1293 -0.2475
39.2600 -26.1426 -0.2455
39.2800 -26.1559 -0.2467
39.3000 -26.1693 -0.2456
39.3200 -26.1826 -0.2441
39.3400 -26.1959 -0.2447
39.3600 -26.2093 -0.2414
39.3800 -26.2226 -0.2418
39.4000 -26.2360 -0.2393
39.4200 -26.2492 -0.2382
39.4400 -26.2625 -0.2362
39.4600 -26.2759 -0.2371
39.4800 -26.2892 -0.2364
39.5000 -26.3026 -0.2361
39.5200 -26.3159 -0.2347
39.5400 -26.3292 -0.2368
39.5600 -26.3426 -0.2340
39.5800 -26.3560 -0.2338
39.6000 -26.3693 -0.2315
39.6200 -26.3826 -0.2329
39.6400 -26.3959 -0.2303
39.6600 -26.4093 -0.2291
39.6800 -26.4226 -0.2265
39.7000 -26.4359 -0.2275
39.7200 -26.4492 -0.2276
39.7400 -26.4626 -0.2276
39.7600 -26.4759 -0.2259
39.7800 -26.4892 -0.2257
39.8000 -26.5025 -0.2236
39.8200 -26.5159 -0.2235
39.8400 -26.5293 -0.2226
39.8600 -26.5426 -0.2221
39.8800 -26.5559 -0.2213
39.9000 -26.5692 -0.2207
39.9200 -26.5826 -0.2201
39.9400 -26.5960 -0.2209
39.9600 -26.6093 -0.2178
39.9800 -26.6226 -0.2167
40.0000 -26.6359 -0.2167
40.0200 -26.6493 -0.2173
40.0400 -26.6626 -0.2157
40.0600 -26.6759 -0.2142
40.0800 -26.6892 -0.2150
40.1000 -26.7026 -0.2110
40.1200 -26.7159 -0.2124
40.1400 -26.7292 -0.2112
40.1600 -26.7425 -0.2100
40.1800 -26.7559 -0.2079
40.2000 -26.7692 -0.2086
40.2200 -26.7826 -0.2061
40.2400 -26.7959 -0.2072
40.2600 -26.8092 -0.2056
40.2800 -26.8226 -0.2048
40.3000 -26.8360 -0.2027
40.3200 -26.8493 -0.2031
40.3400 -26.8626 -0.2001
40.3600 -26.8759 -0.2006
40.3800 -26.8893 -0.2014
40.4000 -26.9026 -0.1984
40.4200 -26.9159 -0.1996
40.4400 -26.9293 -0.1994
40.4600 -26.9426 -0.1977
40.4800 -26.9559 -0.1957
40.5000 -26.9692 -0.1958
40.5200 -26.9826 -0.1940
40.5400 -26.9959 -0.1941
40.5600 -27.0092 -0.1928
40.5800 -27.0225 -0.1922
40.6000 -27.0358 -0.1907
40.6200 -27.0492 -0.1919
40.6400 -27.0626 -0.1874
40.6600 -27.0760 -0.1896
40.6800 -27.0893 -0.1881
40.7000 -27.1026 -0.1880
40.7200 -27.1159 -0.1870
40.7400 -27.1293 -0.1881
40.7600 -27.1427 -0.1845
40.7800 -27.1560 -0.1846
40.8000 -27.1693 -0.1833
40.8200 -27.1826 -0.1819
40.8400 -27.1959 -0.1806
40.8600 -27.2092 -0.1829
40.8800 -27.2225 -0.1806
40.9000 -27.2359 -0.1804
40.9200 -27.2493 -0.1797
40.9400 -27.2626 -0.1750
40.9600 -27.2759 -0.1771
40.9800 -27.2893 -0.1767
41.0000 -27.3026 -0.1764
41.0200 -27.3160 -0.1754
41.0400 -27.3293 -0.1747
41.0600 -27.3426 -0.1695
41.0800 -27.3559 -0.1718
41.1000 -27.3693 -0.1698
41.1200 -27.3826 -0.1693
41.1400 -27.3959 -0.1701
41.1600 -27.4093 -0.1701
41.1800 -27.4226 -0.1658
41.2000 -27.4359 -0.1664
41.2200 -27.4492 -0.1659
41.2400 -27.4625 -0.1629
41.2600 -27.4758 -0.1624
41.2800 -27.4892 -0.1632
41.3000 -27.5026 -0.1615
41.3200 -27.5159 -0.1601
41.3400 -27.5292 -0.1595
41.3600 -27.5426 -0.1586
41.3800 -27.5560 -0.1557
41.4000 -27.5693 -0.1575
41.4200 -27.5826 -0.1554
41.4400 -27.5959 -0.1552
41.4600 -27.6093 -0.1549
41.4800 -27.6227 -0.1537
41.5000 -27.6360 -0.1542
41.5200 -27.6493 -0.1536
41.5400 -27.6626 -0.1527
41.5600 -27.6759 -0.1523
41.5800 -27.6892 -0.1505
41.6000 -27.7025 -0.1498
41.6200 -27.7158 -0.1502
41.6400 -27.7292 -0.1499
41.6600 -27.7426 -0.1483
41.6800 -27.7559 -0.1456
41.7000 -27.7692 -0.1488
41.7200 -27.7826 -0.1466
41.7400 -27.7960 -0.1467
41.7600 -27.8093 -0.1447
41.7800 -27.8226 -0.1449
41.8000 -27.8360 -0.1432
41.8200 -27.8493 -0.1451
41.8400 -27.8626 -0.1421
41.8600 -27.8760 -0.1424
41.8800 -27.8893 -0.1413
41.9000 -27.9026 -0.1393
41.9200 -27.9160 -0.1379
41.9400 -27.9293 -0.1370
41.9600 -27.9426 -0.1350
41.9800 -27.9559 -0.1357
42.0000 -27.9692 -0.1363
42.0200 -27.9826 -0.1334
42.0400 -27.9959 -0.1314
42.0600 -28.0092 -0.1314
42.0800 -28.0225 -0.1305
42.1000 -28.0359 -0.1301
42.1200 -28.0493 -0.1280
42.1400 -28.0626 -0.1281
42.1600 -28.0759 -0.1280
42.1800 -28.0893 -0.1287
42.2000 -28.1027 -0.1265
42.2200 -28.1160 -0.1274
42.2400 -28.1293 -0.1269
42.2600 -28.1426 -0.1236
42.2800 -28.1560 -0.1234
42.3000 -28.1692 -0.1232
42.3200 -28.1825 -0.1221
42.3400 -28.1958 -0.1208
42.3600 -28.2092 -0.1197
42.3800 -28.2226 -0.1176
42.4000 -28.2359 -0.1186
42.4200 -28.2492 -0.1186
42.4400 -28.2626 -0.1170
42.4600 -28.2759 -0.1152
42.4800 -28.2893 -0.1177
42.5000 -28.3026 -0.1124
42.5200 -28.3159 -0.1142
42.5400 -28.3293 -0.1140
42.5600 -28.3426 -0.1123
42.5800 -28.3560 -0.1113
42.6000 -28.3693 -0.1099
42.6200 -28.3826 -0.1092
42.6400 -28.3960 -0.1108
42.6600 -28.4093 -0.1113
42.6800 -28.4226 -0.1089
42.7000 -28.4359 -0.1081
42.7200 -28.4492 -0.1072
42.7400 -28.4626 -0.1074
42.7600 -28.4759 -0.1052
42.7800 -28.4892 -0.1075
42.8000 -28.5025 -0.1043
42.8200 -28.5159 -0.1026
42.8400 -28.5293 -0.1028
42.8600 -28.5426 -0.1021
42.8800 -28.5559 -0.1021
42.9000 -28.5693 -0.1026
42.9200 -28.5827 -0.0999
42.9400 -28.5960 -0.1013
42.9600 -28.6093 -0.1017
42.9800 -28.6225 -0.0986
43.0000 -28.6359 -0.0972
43.0200 -28.6492 -0.0979
43.0400 -28.6625 -0.0973
43.0600 -28.6758 -0.0939
43.0800 -28.6892 -0.0962
43.1000 -28.7026 -0.0936
43.1200 -28.7159 -0.0923
43.1400 -28.7292 -0.0926
43.1600 -28.7426 -0.0923
43.1800 -28.7560 -0.0897
43.2000 -28.7693 -0.0907
43.2200 -28.7826 -0.0894
43.2400 -28.7959 -0.0876
43.2600 -28.8093 -0.0886
43.2800 -28.8226 -0.0878
43.3000 -28.8360 -0.0844
43.3200 -28.8493 -0.0877
43.3400 -28.8626 -0.0852
43.3600 -28.8760 -0.0846
43.3800 -28.8893 -0.0845
43.4000 -28.9026 -0.0829
43.4200 -28.9159 -0.0804
43.4400 -28.9292 -0.0827
43.4600 -28.9426 -0.0801
43.4800 -28.9559 -0.0794
43.5000 -28.9692 -0.0788
43.5200 -28.9826 -0.0772
43.5400 -28.9959 -0.0750
43.5600 -29.0093 -0.0780
43.5800 -29.0226 -0.0758
43.6000 -29.0359 -0.0737
43.6200 -29.0493 -0.0753
43.6400 -29.0626 -0.0724
43.6600 -29.0760 -0.0710
43.6800 -29.0893 -0.0724
43.7000 -29.1026 -0.0726
43.7200 -29.1159 -0.0714
43.7400 -29.1292 -0.0682
43.7600 -29.1425 -0.0677
43.7800 -29.1558 -0.0655
43.8000 -29.1692 -0.0685
43.8200 -29.1826 -0.0640
43.8400 -29.1959 -0.0663
43.8600 -29.2092 -0.0660
43.8800 -29.2226 -0.0643
43.9000 -29.2359 -0.0625
43.9200 -29.2493 -0.0627
43.9400 -29.2626 -0.0623
43.9600 -29.2759 -0.0615
43.9800 -29.2893 -0.0613
44.0000 -29.3026 -0.0578
44.0200 -29.3159 -0.0562
44.0400 -29.3292 -0.0584
44.0600 -29.3426 -0.0598
44.0800 -29.3559 -0.0555
44.1000 -29.3692 -0.0567
44.1200 -29.3825 -0.0540
44.1400 -29.3958 -0.0533
44.1600 -29.4092 -0.0536
44.1800 -29.4226 -0.0538
44.2000 -29.4359 -0.0512
44.2200 -29.4493 -0.0527
44.2400 -29.4626 -0.0503
44.2600 -29.4760 -0.0495
44.2800 -29.4893 -0.0475
44.3000 -29.5026 -0.0469
44.3200 -29.5159 -0.0469
44.3400 -29.5293 -0.0479
44.3600 -29.5426 -0.0474
44.3800 -29.5560 -0.0439
44.4000 -29.5693 -0.0454
44.4200 -29.5826 -0.0422
44.4400 -29.5959 -0.0429
44.4600 -29.6092 -0.0424
44.4800 -29.6225 -0.0411
44.5000 -29.6358 -0.0394
44.5200 -29.6492 -0.0403
44.5400 -29.6626 -0.0400
44.5600 -29.6759 -0.0383
44.5800 -29.6892 -0.0403
44.6000 -29.7026 -0.0370
44.6200 -29.7159 -0.0357
44.6400 -29.7293 -0.0358
44.6600 -29.7426 -0.0356
44.6800 -29.7560 -0.0360
44.7000 -29.7693 -0.0354
44.7200 -29.7826 -0.0343
44.7400 -29.7960 -0.0320
44.7600 -29.8093 -0.0295
44.7800 -29.8226 -0.0282
44.8000 -29.8359 -0.0238
44.8200 -29.8492 -0.0241
44.8400 -29.8625 -0.0248
44.8600 -29.8758 -0.0229
44.8800 -29.8892 -0.0218
44.9000 -29.9025 -0.0208
44.9200 -29.9159 -0.0159
44.9400 -29.9292 -0.0234
44.9600 -29.9426 -0.0174
44.9800 -29.9559 -0.0212
45.0000 -29.9693 -0.0128
45.0200 -29.9827 -0.0201
45.0400 -29.9960 -0.0087
45.0600 -30.0093 -0.0219
45.0800 -30.0226 -0.0081
45.1000 -30.0360 -0.0179
45.1200 -30.0493 -0.0060
45.1400 -30.0626 -0.0172
45.1600 -30.0759 -0.0053
45.1800 -30.0893 -0.0127
45.2000 -30.1025 -0.0074
45.2200 -30.1158 -0.0076
45.2400 -30.1292 -0.0072
45.2600 -30.1426 -0.0053
45.2800 -30.1559 -0.0057
45.3000 -30.1693 -0.0010
45.3200 -30.1826 -0.0052
45.3400 -30.1959 0.0016
45.3600 -30.2093 -0.0044
45.3800 -30.2226 0.0030
45.4000 -30.2359 -0.0010
45.4200 -30.2492 0.0030
45.4400 -30.2626 0.0002
45.4600 -30.2760 0.0061
45.4800 -30.2893 0.0033
45.5000 -30.3026 0.0041
45.5200 -30.3159 0.0065
45.5400 -30.3293 0.0039
45.5600 -30.3426 0.0058
45.5800 -30.3559 0.0086
45.6000 -30.3692 0.0090
45.6200 -30.3826 0.0104
45.6400 -30.3959 0.0111
45.6600 -30.4092 0.0110
45.6800 -30.4226 0.0121
45.7000 -30.4359 0.0142
45.7200 -30.4493 0.0147
45.7400 -30.4627 0.0130
45.7600 -30.4760 0.0121
45.7800 -30.4893 0.0137
45.8000 -30.5026 0.0152
45.8200 -30.5160 0.0173
45.8400 -30.5293 0.0171
45.8600 -30.5426 0.0196
45.8800 -30.5559 0.0159
45.9000 -30.5692 0.0197
45.9200 -30.5825 0.0143
45.9400 -30.5958 0.0200
45.9600 -30.6092 0.0164
45.9800 -30.6225 0.0183
46.0000 -30.6359 0.0204
46.0200 -30.6492 0.0207
46.0400 -30.6625 0.0202
46.0600 -30.6759 0.0226
46.0800 -30.6893 0.0225
46.1000 -30.7026 0.0223
46.1200 -30.7159 0.0254
46.1400 -30.7293 0.0225
46.1600 -30.7426 0.0237
46.1800 -30.7560 0.0253
46.2000 -30.7693 0.0267
46.2200 -30.7826 0.0249
46.2400 -30.7959 0.0295
46.2600 -30.8093 0.0277
46.2800 -30.8226 0.0274
46.3000 -30.8359 0.0321
46.3200 -30.8492 0.0309
46.3400 -30.8625 0.0337
46.3600 -30.8759 0.0346
46.3800 -30.8892 0.0334
46.4000 -30.9025 0.0334
46.4200 -30.9159 0.0366
46.4400 -30.9293 0.0374
46.4600 -30.9426 0.0373
46.4800 -30.9559 0.0366
46.5000 -30.9692 0.0358
46.5200 -30.9826 0.0383
46.5400 -30.9960 0.0422
46.5600 -31.0093 0.0417
46.5800 -31.0226 0.0405
46.6000 -31.0360 0.0444
46.6200 -31.0493 0.0442
46.6400 -31.0626 0.0459
46.6600 -31.0759 0.0460
46.6800 -31.0892 0.0472
46.7000 -31.1026 0.0463
46.7200 -31.1159 0.0467
46.7400 -31.1292 0.0491
46.7600 -31.1426 0.0475
46.7800 -31.1559 0.0508
46.8000 -31.1693 0.0467
46.8200 -31.1826 0.0500
46.8400 -31.1959 0.0507
46.8600 -31.2092 0.0527
46.8800 -31.2226 0.0513
46.9000 -31.2359 0.0539
46.9200 -31.2492 0.0523
46.9400 -31.2626 0.0534
46.9600 -31.2759 0.0570
46.9800 -31.2893 0.0557
47.0000 -31.3026 0.0541
47.0200 -31.3159 0.0575
47.0400 -31.3292 0.0590
47.0600 -31.3426 0.0579
47.0800 -31.3559 0.0639
47.1000 -31.3693 0.0592
47.1200 -31.3826 0.0609
47.1400 -31.3959 0.0618
47.1600 -31.4093 0.0626
47.1800 -31.4227 0.0620
47.2000 -31.4360 0.0668
47.2200 -31.4493 0.0645
47.2400 -31.4626 0.0658
47.2600 -31.4759 0.0676
47.2800 -31.4893 0.0692
47.3000 -31.5026 0.0679
47.3200 -31.5159 0.0712
47.3400 -31.5292 0.0692
47.3600 -31.5426 0.0699
47.3800 -31.5559 0.0721
47.4000 -31.5692 0.0748
47.4200 -31.5825 0.0738
47.4400 -31.5959 0.0747
47.4600 -31.6092 0.0752
47.4800 -31.6226 0.0756
47.5000 -31.6359 0.0761
47.5200 -31.6493 0.0775
47.5400 -31.6626 0.0757
47.5600 -31.6760 0.0792
47.5800 -31.6893 0.0821
47.6000 -31.7026 0.0804
47.6200 -31.7159 0.0824
47.6400 -31.7293 0.0821
47.6600 -31.7426 0.0816
47.6800 -31.7559 0.0847
47.7000 -31.7693 0.0846
47.7200 -31.7826 0.0847
47.7400 -31.7959 0.0843
47.7600 -31.8092 0.0850
47.7800 -31.8225 0.0849
47.8000 -31.8359 0.0879
47.8200 -31.8492 0.0890
47.8400 -31.8625 0.0865
47.8600 -31.8759 0.0891
47.8800 -31.8893 0.0890
47.9000 -31.9026 0.0927
47.9200 -31.9159 0.0929
47.9400 -31.9293 0.0925
47.9600 -31.9426 0.0925
47.9800 -31.9560 0.0941
48.0000 -31.9693 0.0930
48.0200 -31.9826 0.0922
48.0400 -31.9959 0.0969
48.0600 -32.0093 0.0963
48.0800 -32.0226 0.0968
48.1000 -32.0359 0.0979
48.1200 -32.0492 0.1008
48.1400 -32.0626 0.0984
48.1600 -32.0759 0.1020
48.1800 -32.0893 0.1007
48.2000 -32.1026 0.1010
48.2200 -32.1159 0.1039
48.2400 -32.1293 0.1025
48.2600 -32.1427 0.1034
48.2800 -32.1560 0.1029
48.3000 -32.1693 0.1053
48.3200 -32.1826 0.1020
48.3400 -32.1959 0.1059
48.3600 -32.2093 0.1069
48.3800 -32.2226 0.1064
48.4000 -32.2359 0.1082
48.4200 -32.2493 0.1085
48.4400 -32.2626 0.1062
48.4600 -32.2759 0.1079
48.4800 -32.2892 0.1091
48.5000 -32.3025 0.1086
48.5200 -32.3159 0.1120
48.5400 -32.3292 0.1102
48.5600 -32.3426 0.1098
48.5800 -32.3559 0.1113
48.6000 -32.3693 0.1157
48.6200 -32.3826 0.1149
48.6400 -32.3959 0.1173
48.6600 -32.4093 0.1170
48.6800 -32.4226 0.1172
48.7000 -32.4360 0.1197
48.7200 -32.4493 0.1203
48.7400 -32.4626 0.1188
48.7600 -32.4759 0.1208
48.7800 -32.4893 0.1232
48.8000 -32.5026 0.1222
48.8200 -32.5159 0.1245
48.8400 -32.5292 0.1252
48.8600 -32.5425 0.1257
48.8800 -32.5559 0.1272
48.9000 -32.5692 0.1296
48.9200 -32.5825 0.1272
48.9400 -32.5959 0.1293
48.9600 -32.6093 0.1287
48.9800 -32.6227 0.1301
49.0000 -32.6360 0.1309
49.0200 -32.6493 0.1337
49.0400 -32.6626 0.1312
49.0600 -32.6760 0.1350
49.0800 -32.6893 0.1342
49.1000 -32.7026 0.1344
49.1200 -32.7159 0.1356
49.1400 -32.7293 0.1376
49.1600 -32.7426 0.1349
49.1800 -32.7559 0.1391
49.2000 -32.7692 0.1392
49.2200 -32.7826 0.1384
49.2400 -32.7959 0.1385
49.2600 -32.8093 0.1402
49.2800 -32.8226 0.1398
49.3000 -32.8359 0.1426
49.3200 -32.8492 0.1433
49.3400 -32.8626 0.1414
49.3600 -32.8759 0.1441
49.3800 -32.8893 0.1429
49.4000 -32.9026 0.1428
49.4200 -32.9160 0.1434
49.4400 -32.9293 0.1465
49.4600 -32.9426 0.1449
49.4800 -32.9559 0.1478
49.5000 -32.9693 0.1472
49.5200 -32.9826 0.1485
49.5400 -32.9959 0.1474
49.5600 -33.0092 0.1511
49.5800 -33.0225 0.1513
49.6000 -33.0359 0.1515
49.6200 -33.0492 0.1517
49.6400 -33.0625 0.1532
49.6600 -33.0759 0.1520
49.6800 -33.0892 0.1562
49.7000 -33.1026 0.1552
49.7200 -33.1159 0.1576
49.7400 -33.1292 0.1605
49.7600 -33.1426 0.1593
49.7800 -33.1559 0.1607
49.8000 -33.1693 0.1602
49.8200 -33.1826 0.1611
49.8400 -33.1959 0.1646
49.8600 -33.2093 0.1630
49.8800 -33.2226 0.1634
49.9000 -33.2359 0.1638
49.9200 -33.2492 0.1659
49.9400 -33.2625 0.1649
49.9600 -33.2759 0.1683
49.9800 -33.2893 0.1699
50.0000 -33.3026 0.1684
50.0200 -33.3159 0.1692
50.0400 -33.3292 0.1700
50.0600 -33.3426 0.1699
50.0800 -33.3560 0.1722
50.1000 -33.3693 0.1739
50.1200 -33.3826 0.1690
50.1400 -33.3960 0.1749
50.1600 -33.4093 0.1777
50.1800 -33.4226 0.1759
50.2000 -33.4359 0.1738
50.2200 -33.4492 0.1774
50.2400 -33.4625 0.1777
50.2600 -33.4759 0.1784
50.2800 -33.4892 0.1795
50.3000 -33.5025 0.1810
50.3200 -33.5159 0.1800
50.3400 -33.5292 0.1832
50.3600 -33.5426 0.1825
50.3800 -33.5559 0.1836
50.4000 -33.5693 0.1837
50.4200 -33.5827 0.1857
50.4400 -33.5960 0.1847
50.4600 -33.6093 0.1862
50.4800 -33.6226 0.1875
50.5000 -33.6360 0.1877
50.5200 -33.6493 0.1886
50.5400 -33.6626 0.1877
50.5600 -33.6759 0.1913
50.5800 -33.6893 0.1915
50.6000 -33.7026 0.1917
50.6200 -33.7159 0.1940
50.6400 -33.7292 0.1957
50.6600 -33.7425 0.1936
50.6800 -33.7559 0.1977
50.7000 -33.7692 0.1983
50.7200 -33.7826 0.1969
50.7400 -33.7959 0.1963
50.7600 -33.8092 0.1989
50.7800 -33.8226 0.1982
50.8000 -33.8360 0.2006
50.8200 -33.8493 0.2014
50.8400 -33.8626 0.2016
50.8600 -33.8759 0.2021
50.8800 -33.8893 0.2051
50.9000 -33.9026 0.2006
50.9200 -33.9159 0.2035
50.9400 -33.9292 0.2049
50.9600 -33.9426 0.2053
50.9800 -33.9559 0.2065
51.0000 -33.9691 0.2081
51.0200 -33.9825 0.2090
51.0400 -33.9958 0.2086
51.0600 -34.0092 0.2123
51.0800 -34.0225 0.2080
51.1000 -34.0359 0.2106
51.1200 -34.0492 0.2112
51.1400 -34.0626 0.2118
51.1600 -34.0760 0.2113
51.1800 -34.0893 0.2169
51.2000 -34.1026 0.2142
51.2200 -34.1159 0.2164
51.2400 -34.1293 0.2165
51.2600 -34.1426 0.2186
51.2800 -34.1559 0.2160
51.3000 -34.1692 0.2212
51.3200 -34.1826 0.2166
51.3400 -34.1959 0.2194
51.3600 -34.2092 0.2207
51.3800 -34.2225 0.2221
51.4000 -34.2359 0.2207
51.4200 -34.2493 0.2237
51.4400 -34.2626 0.2214
51.4600 -34.2759 0.2236
51.4800 -34.2893 0.2246
51.5000 -34.3026 0.2231
51.5200 -34.3160 0.2243
51.5400 -34.3293 0.2262
51.5600 -34.3426 0.2259
51.5800 -34.3559 0.2268
51.6000 -34.3693 0.2293
51.6200 -34.3826 0.2270
51.6400 -34.3960 0.2287
51.6600 -34.4093 0.2310
51.6800 -34.4226 0.2306
51.7000 -34.4359 0.2308
51.7200 -34.4492 0.2321
51.7400 -34.4625 0.2320
51.7600 -34.4759 0.2336
51.7800 -34.4892 0.2348
51.8000 -34.5026 0.2360
51.8200 -34.5159 0.2349
51.8400 -34.5293 0.2397
51.8600 -34.5426 0.2361
51.8800 -34.5560 0.2380
51.9000 -34.5693 0.2381
51.9200 -34.5826 0.2386
51.9400 -34.5960 0.2397
51.9600 -34.6093 0.2435
51.9800 -34.6227 0.2422
52.0000 -34.6359 0.2449
52.0200 -34.6492 0.2454
52.0400 -34.6626 0.2470
52.0600 -34.6759 0.2452
52.0800 -34.6892 0.2489
52.1000 -34.7025 0.2495
52.1200 -34.7158 0.2499
52.1400 -34.7292 0.2524
52.1600 -34.7425 0.2509
52.1800 -34.7559 0.2512
52.2000 -34.7692 0.2546
52.2200 -34.7826 0.2531
52.2400 -34.7960 0.2538
52.2600 -34.8093 0.2586
52.2800 -34.8226 0.2565
52.3000 -34.8359 0.2596
52.3200 -34.8493 0.2615
52.3400 -34.8626 0.2626
52.3600 -34.8759 0.2604
52.3800 -34.8892 0.2649
52.4000 -34.9026 0.2656
52.4200 -34.9159 0.2662
52.4400 -34.9292 0.2664
52.4600 -34.9425 0.2654
52.4800 -34.9559 0.2679
52.5000 -34.9692 0.2706
52.5200 -34.9826 0.2732
52.5400 -34.9959 0.2719
52.5600 -35.0093 0.2751
52.5800 -35.0226 0.2754
52.6000 -35.0360 0.2740
52.6200 -35.0492 0.2765
52.6400 -35.0625 0.2787
52.6600 -35.0759 0.2773
52.6800 -35.0893 0.2819
52.7000 -35.1026 0.2811
52.7200 -35.1159 0.2802
52.7400 -35.1293 0.2825
52.7600 -35.1426 0.2827
52.7800 -35.1560 0.2844
52.8000 -35.1692 0.2865
52.8200 -35.1825 0.2861
52.8400 -35.1959 0.2861
52.8600 -35.2092 0.2884
52.8800 -35.2226 0.2892
52.9000 -35.2359 0.2887
52.9200 -35.2492 0.2896
52.9400 -35.2626 0.2895
52.9600 -35.2760 0.2911
52.9800 -35.2893 0.2936
53.0000 -35.3026 0.2924
53.0200 -35.3159 0.2906
53.0400 -35.3293 0.2947
53.0600 -35.3427 0.2930
53.0800 -35.3559 0.2940
53.1000 -35.3693 0.2934
53.1200 -35.3826 0.2938
53.1400 -35.3959 0.2937
53.1600 -35.4092 0.2976
53.1800 -35.4225 0.2987
53.2000 -35.4359 0.2955
53.2200 -35.4492 0.2961
53.2400 -35.4626 0.2964
53.2600 -35.4759 0.2966
53.2800 -35.4892 0.2978
53.3000 -35.5026 0.2993
53.3200 -35.5160 0.2995
53.3400 -35.5293 0.3003
53.3600 -35.5426 0.3002
53.3800 -35.5559 0.3013
53.4000 -35.5693 0.3016
53.4200 -35.5826 0.3055
53.4400 -35.5959 0.3032
53.4600 -35.6092 0.3066
53.4800 -35.6226 0.3057
53.5000 -35.6359 0.3087
53.5200 -35.6492 0.3089
53.5400 -35.6625 0.3094
53.5600 -35.6759 0.3100
53.5800 -35.6892 0.3131
53.6000 -35.7026 0.3087
53.6200 -35.7159 0.3119
53.6400 -35.7292 0.3129
53.6600 -35.7426 0.3143
53.6800 -35.7559 0.3128
53.7000 -35.7693 0.3158
53.7200 -35.7826 0.3147
53.7400 -35.7959 0.3166
53.7600 -35.8093 0.3197
53.7800 -35.8226 0.3191
53.8000 -35.8359 0.3198
53.8200 -35.8493 0.3222
53.8400 -35.8626 0.3235
53.8600 -35.8760 0.3212
53.8800 -35.8892 0.3251
53.9000 -35.9025 0.3246
53.9200 -35.9159 0.3246
53.9400 -35.9292 0.3242
53.9600 -35.9426 0.3281
53.9800 -35.9559 0.3270
54.0000 -35.9692 0.3303
54.0200 -35.9826 0.3306
54.0400 -35.9960 0.3322
54.0600 -36.0093 0.3324
54.0800 -36.0226 0.3340
54.1000 -36.0359 0.3346
54.1200 -36.0493 0.3384
54.1400 -36.0626 0.3367
54.1600 -36.0759 0.3374
54.1800 -36.0892 0.3397
54.2000 -36.1026 0.3416
54.2200 -36.1159 0.3410
54.2400 -36.1292 0.3427
54.2600 -36.1425 0.3420
54.2800 -36.1559 0.3426
54.3000 -36.1692 0.3447
54.3200 -36.1826 0.3453
54.3400 -36.1959 0.3450
54.3600 -36.2092 0.3470
54.3800 -36.2226 0.3472
54.4000 -36.2360 0.3479
54.4200 -36.2493 0.3523
54.4400 -36.2626 0.3505
54.4600 -36.2759 0.3512
54.4800 -36.2893 0.3533
54.5000 -36.3026 0.3543
54.5200 -36.3159 0.3536
54.5400 -36.3292 0.3561
54.5600 -36.3425 0.3563
54.5800 -36.3559 0.3568
54.6000 -36.3692 0.3583
54.6200 -36.3825 0.3577
54.6400 -36.3959 0.3575
54.6600 -36.4093 0.3605
54.6800 -36.4226 0.3640
54.7000 -36.4359 0.3647
54.7200 -36.4492 0.3628
54.7400 -36.4626 0.3636
54.7600 -36.4760 0.3645
54.7800 -36.4893 0.3665
54.8000 -36.5026 0.3684
54.8200 -36.5159 0.3687
54.8400 -36.5293 0.3686
54.8600 -36.5426 0.3709
54.8800 -36.5559 0.3710
54.9000 -36.5693 0.3728
54.9200 -36.5826 0.3730
54.9400 -36.5960 0.3740
54.9600 -36.6093 0.3771
54.9800 -36.6226 0.3777
55.0000 -36.6359 0.3795
55.0200 -36.6492 0.3809
55.0400 -36.6625 0.3819
55.0600 -36.6758 0.3813
55.0800 -36.6892 0.3812
55.1000 -36.7026 0.3815
55.1200 -36.7159 0.3848
55.1400 -36.7293 0.3862
55.1600 -36.7426 0.3878
55.1800 -36.7559 0.3870
55.2000 -36.7693 0.3884
55.2200 -36.7827 0.3884
55.2400 -36.7960 0.3913
55.2600 -36.8093 0.3922
55.2800 -36.8226 0.3936
55.3000 -36.8359 0.3921
55.3200 -36.8492 0.3927
55.3400 -36.8625 0.3949
55.3600 -36.8759 0.3946
55.3800 -36.8892 0.3984
55.4000 -36.9026 0.3966
55.4200 -36.9159 0.3978
55.4400 -36.9292 0.3984
55.4600 -36.9426 0.4014
55.4800 -36.9560 0.4024
55.5000 -36.9693 0.4015
55.5200 -36.9826 0.4008
55.5400 -36.9959 0.4037
55.5600 -37.0092 0.4063
55.5800 -37.0226 0.4073
55.6000 -37.0359 0.4067
55.6200 -37.0493 0.4096
55.6400 -37.0626 0.4095
55.6600 -37.0759 0.4087
55.6800 -37.0892 0.4106
55.7000 -37.1025 0.4129
55.7200 -37.1158 0.4097
55.7400 -37.1292 0.4104
55.7600 -37.1426 0.4138
55.7800 -37.1559 0.4163
55.8000 -37.1692 0.4151
55.8200 -37.1826 0.4180
55.8400 -37.1959 0.4159
55.8600 -37.2093 0.4179
55.8800 -37.2226 0.4201
55.9000 -37.2359 0.4213
55.9200 -37.2493 0.4209
55.9400 -37.2626 0.4247
55.9600 -37.2760 0.4206
55.9800 -37.2893 0.4252
56.0000 -37.3026 0.4258
56.0200 -37.3159 0.4245
56.0400 -37.3292 0.4268
56.0600 -37.3425 0.4285
56.0800 -37.3558 0.4274
56.1000 -37.3692 0.4304
56.1200 -37.3826 0.4322
56.1400 -37.3959 0.4329
56.1600 -37.4092 0.4360
56.1800 -37.4226 0.4398
56.2000 -37.4360 0.4389
56.2200 -37.4493 0.4397
56.2400 -37.4626 0.4403
56.2600 -37.4759 0.4415
56.2800 -37.4893 0.4427
56.3000 -37.5027 0.4412
56.3200 -37.5160 0.4452
56.3400 -37.5293 0.4448
56.3600 -37.5426 0.4509
56.3800 -37.5559 0.4509
56.4000 -37.5693 0.4498
56.4200 -37.5826 0.4497
56.4400 -37.5959 0.4536
56.4600 -37.6092 0.4526
56.4800 -37.6226 0.4554
56.5000 -37.6359 0.4535
56.5200 -37.6492 0.4548
56.5400 -37.6626 0.4560
56.5600 -37.6759 0.4568
56.5800 -37.6893 0.4580
56.6000 -37.7026 0.4591
56.6200 -37.7159 0.4625
56.6400 -37.7293 0.4601
56.6600 -37.7426 0.4637
56.6800 -37.7560 0.4632
56.7000 -37.7693 0.4647
56.7200 -37.7826 0.4645
56.7400 -37.7960 0.4670
56.7600 -37.8093 0.4676
56.7800 -37.8226 0.4689
56.8000 -37.8359 0.4717
56.8200 -37.8492 0.4709
56.8400 -37.8626 0.4714
56.8600 -37.8759 0.4737
56.8800 -37.8892 0.4732
56.9000 -37.9025 0.4766
56.9200 -37.9159 0.4782
56.9400 -37.9293 0.4791
56.9600 -37.9426 0.4803
56.9800 -37.9559 0.4823
57.0000 -37.9693 0.4838
57.0200 -37.9826 0.4836
57.0400 -37.9960 0.4853
57.0600 -38.0093 0.4870
57.0800 -38.0226 0.4877
57.1000 -38.0360 0.4875
57.1200 -38.0493 0.4894
57.1400 -38.0626 0.4898
57.1600 -38.0758 0.4932
57.1800 -38.0892 0.4937
57.2000 -38.1026 0.4949
57.2200 -38.1159 0.4961
57.2400 -38.1292 0.4963
57.2600 -38.1425 0.4989
57.2800 -38.1559 0.4996
57.3000 -38.1693 0.5017
57.3200 -38.1826 0.5007
57.3400 -38.1959 0.5007
57.3600 -38.2093 0.5032
57.3800 -38.2227 0.5061
57.4000 -38.2360 0.5064
57.4200 -38.2493 0.5075
57.4400 -38.2626 0.5085
57.4600 -38.2759 0.5082
57.4800 -38.2892 0.5072
57.5000 -38.3025 0.5093
57.5200 -38.3158 0.5125
57.5400 -38.3292 0.5130
57.5600 -38.3425 0.5123
57.5800 -38.3559 0.5127
57.6000 -38.3692 0.5151
57.6200 -38.3826 0.5160
57.6400 -38.3960 0.5200
57.6600 -38.4093 0.5188
57.6800 -38.4226 0.5213
57.7000 -38.4359 0.5208
57.7200 -38.4493 0.5218
57.7400 -38.4626 0.5231
57.7600 -38.4760 0.5248
57.7800 -38.4893 0.5243
57.8000 -38.5026 0.5280
57.8200 -38.5159 0.5292
57.8400 -38.5293 0.5282
57.8600 -38.5426 0.5309
57.8800 -38.5559 0.5323
57.9000 -38.5692 0.5335
57.9200 -38.5826 0.5330
57.9400 -38.5959 0.5351
57.9600 -38.6092 0.5343
57.9800 -38.6225 0.5373
58.0000 -38.6359 0.5377
58.0200 -38.6493 0.5373
58.0400 -38.6626 0.5398
58.0600 -38.6759 0.5412
58.0800 -38.6892 0.5387
58.1000 -38.7026 0.5423
58.1200 -38.7160 0.5429
58.1400 -38.7293 0.5459
58.1600 -38.7426 0.5453
58.1800 -38.7559 0.5491
58.2000 -38.7693 0.5478
58.2200 -38.7826 0.5509
58.2400 -38.7959 0.5533
58.2600 -38.8092 0.5551
58.2800 -38.8226 0.5547
58.3000 -38.8359 0.5554
58.3200 -38.8492 0.5549
58.3400 -38.8626 0.5579
58.3600 -38.8759 0.5597
58.3800 -38.8893 0.5593
58.4000 -38.9026 0.5595
58.4200 -38.9159 0.5621
58.4400 -38.9292 0.5631
58.4600 -38.9426 0.5637
58.4800 -38.9559 0.5682
58.5000 -38.9693 0.5644
58.5200 -38.9826 0.5683
58.5400 -38.9959 0.5707
58.5600 -39.0093 0.5695
58.5800 -39.0225 0.5696
58.6000 -39.0359 0.5723
58.6200 -39.0492 0.5739
58.6400 -39.0626 0.5746
58.6600 -39.0759 0.5761
58.6800 -39.0893 0.5763
58.7000 -39.1026 0.5769
58.7200 -39.1159 0.5803
58.7400 -39.1293 0.5820
58.7600 -39.1426 0.5838
58.7800 -39.1559 0.5827
58.8000 -39.1692 0.5839
58.8200 -39.1826 0.5841
58.8400 -39.1960 0.5892
58.8600 -39.2093 0.5874
58.8800 -39.2226 0.5909
58.9000 -39.2359 0.5899
58.9200 -39.2492 0.5936
58.9400 -39.2625 0.5937
58.9600 -39.2758 0.5962
58.9800 -39.2892 0.5974
59.0000 -39.3025 0.5975
59.0200 -39.3159 0.6008
59.0400 -39.3292 0.5984
59.0600 -39.3425 0.6023
59.0800 -39.3559 0.6019
59.1000 -39.3693 0.6042
59.1200 -39.3826 0.6027
59.1400 -39.3960 0.6057
59.1600 -39.4093 0.6072
59.1800 -39.4226 0.6099
59.2000 -39.4360 0.6102
59.2200 -39.4493 0.6120
59.2400 -39.4626 0.6139
59.2600 -39.4759 0.6157
59.2800 -39.4892 0.6167
59.3000 -39.5025 0.6158
59.3200 -39.5158 0.6192
59.3400 -39.5292 0.6171
59.3600 -39.5425 0.6207
59.3800 -39.5559 0.6218
59.4000 -39.5692 0.6244
59.4200 -39.5826 0.6250
59.4400 -39.5959 0.6245
59.4600 -39.6093 0.6260
59.4800 -39.6227 0.6248
59.5000 -39.6360 0.6292
59.5200 -39.6493 0.6303
59.5400 -39.6626 0.6304
59.5600 -39.6760 0.6324
59.5800 -39.6893 0.6343
59.6000 -39.7026 0.6328
59.6200 -39.7159 0.6352
59.6400 -39.7293 0.6352
59.6600 -39.7426 0.6366
59.6800 -39.7559 0.6383
59.7000 -39.7692 0.6390
59.7200 -39.7826 0.6418
59.7400 -39.7959 0.6423
59.7600 -39.8093 0.6454
59.7800 -39.8226 0.6447
59.8000 -39.8359 0.6492
59.8200 -39.8493 0.6490
59.8400 -39.8626 0.6529
59.8600 -39.8759 0.6525
59.8800 -39.8892 0.6532
59.9000 -39.9026 0.6544
59.9200 -39.9160 0.6577
59.9400 -39.9293 0.6570
59.9600 -39.9426 0.6600
59.9800 -39.9559 0.6611
60.0000 -39.9693 0.6634
60.0200 -39.9826 0.6635
60.0400 -39.9959 0.6677
60.0470 -40.0004 0.6716
